								大连商品交易所 成交量_买持仓_卖持仓排名	

合约代码：a2005		Date：2020-03-13	

			期货公司会员	

名次		会员简称	成交量		增减		
1		华泰期货	36,455		16,066		
2		东证期货	22,697		6,536		
3		中信期货	22,584		9,606		
4		徽商期货	16,672		6,838		
5		海通期货	15,727		5,731		
6		国富期货	15,394		2,331		
7		华安期货	13,056		4,562		
8		国泰君安	12,325		4,644		
9		东方财富	11,994		5,645		
10		方正中期	10,871		5,273		
11		申银万国	7,873		2,998		
12		国投安信	7,245		3,520		
13		鲁证期货	6,784		2,943		
14		宏源期货	6,344		3,667		
15		银河期货	6,311		2,735		
16		兴证期货	5,769		3,352		
17		中信建投	5,704		3,201		
18		中国国际	5,629		3,583		
19		一德期货	5,391		2,573		
20		南华期货	4,991		1,481		
总计				239,816		97,285		

名次		会员简称	持买单量	增减		
1		浙商期货	12,499		1,004		
2		鲁证期货	7,288		210		
3		中信期货	7,209		560		
4		永安期货	7,041		-45		
5		国投安信	6,867		-3,265		
6		北京首创	3,765		241		
7		南华期货	3,600		613		
8		东证期货	2,997		92		
9		一德期货	2,723		-2,247		
10		海通期货	2,669		-356		
11		广发期货	2,420		-141		
12		国联期货	1,983		22		
13		银河期货	1,856		-48		
14		方正中期	1,796		-433		
15		兴证期货	1,746		-57		
16		中财期货	1,717		-193		
17		华泰期货	1,625		-497		
18		国泰君安	1,519		-233		
19		广州金控	1,496		286		
20		中信建投	1,457		148		
总计				74,273		-4,339		

名次		会员简称	持卖单量	增减		
1		东证期货	5,915		-743		
2		中信期货	5,070		-192		
3		中国国际	4,774		-27		
4		光大期货	4,468		-205		
5		国投安信	3,996		-222		
6		华安期货	2,886		84		
7		东方财富	2,430		196		
8		广州金控	2,430		-779		
9		永安期货	2,425		-246		
10		渤海期货	2,398		-562		
11		招商期货	2,312		1		
12		徽商期货	2,075		-238		
13		中信建投	1,983		-462		
14		申银万国	1,942		-166		
15		浙商期货	1,880		-72		
16		银河期货	1,817		163		
17		鲁证期货	1,639		-2,150		
18		福能期货	1,541		-119		
19		国泰君安	1,370		-116		
20		方正中期	1,321		-266		
总计				54,672		-6,121		



会员类别	总成交量	增减		
期货公司会员	239,816		97,285		

会员类别	总持买单量	增减		
期货公司会员	74,273		-4,339		

会员类别	总持卖单量	增减		
期货公司会员	54,672		-6,121		

