								大连商品交易所 成交量_买持仓_卖持仓排名	

合约代码：a2005		Date：2020-02-19	

			期货公司会员	

名次		会员简称	成交量		增减		
1		东证期货	20,508		2,005		
2		中信期货	16,006		7,038		
3		徽商期货	10,884		4,911		
4		华安期货	7,855		3,538		
5		方正中期	7,500		3,463		
6		国泰君安	6,842		3,362		
7		东方财富	6,508		3,512		
8		华泰期货	6,326		1,497		
9		海通期货	6,124		1,667		
10		国富期货	5,486		910		
11		华信期货	4,933		3,594		
12		银河期货	4,709		1,806		
13		渤海期货	3,640		276		
14		宏源期货	3,632		416		
15		鲁证期货	3,447		1,204		
16		中信建投	3,196		1,191		
17		申银万国	3,091		674		
18		安粮期货	2,942		1,226		
19		长江期货	2,879		903		
20		东吴期货	2,731		1,046		
总计				129,239		44,239		

名次		会员简称	持买单量	增减		
1		浙商期货	10,772		-1		
2		永安期货	9,004		262		
3		中信期货	7,731		-768		
4		国投安信	6,474		-217		
5		鲁证期货	5,517		644		
6		海通期货	4,480		243		
7		兴证期货	3,450		3		
8		东证期货	3,004		34		
9		国泰君安	2,613		976		
10		方正中期	2,595		840		
11		五矿经易	2,522		119		
12		银河期货	2,510		211		
13		广发期货	2,436		93		
14		华泰期货	2,348		236		
15		中信建投	2,312		268		
16		宏源期货	2,240		149		
17		一德期货	2,216		-85		
18		中财期货	2,090		114		
19		广州金控	1,793		-370		
20		南华期货	1,777		297		
总计				77,884		3,048		

名次		会员简称	持卖单量	增减		
1		国投安信	5,754		178		
2		东证期货	5,753		-26		
3		中信期货	5,629		-1,304		
4		五矿经易	5,097		224		
5		中国国际	4,961		38		
6		永安期货	4,645		5		
7		光大期货	4,590		139		
8		银河期货	4,201		1,242		
9		广州金控	3,503		-6		
10		渤海期货	3,175		67		
11		华安期货	3,032		184		
12		鲁证期货	2,996		449		
13		宏源期货	2,855		433		
14		东方财富	2,725		401		
15		徽商期货	2,525		169		
16		南华期货	2,493		150		
17		中信建投	2,019		84		
18		浙商期货	1,932		69		
19		申银万国	1,887		139		
20		国泰君安	1,838		-342		
总计				71,610		2,293		



会员类别	总成交量	增减		
期货公司会员	129,239		44,239		

会员类别	总持买单量	增减		
期货公司会员	77,884		3,048		

会员类别	总持卖单量	增减		
期货公司会员	71,610		2,293		

