								大连商品交易所 成交量_买持仓_卖持仓排名	

合约代码：y2009		Date：2020-03-03	

			期货公司会员	

名次		会员简称	成交量		增减		
1		东证期货	53,531		7,747		
2		光大期货	20,105		808		
3		中信期货	11,560		2,168		
4		兴证期货	11,477		1,246		
5		中粮期货	9,987		7,482		
6		国元期货	8,154		530		
7		海通期货	7,353		-928		
8		国富期货	6,590		-965		
9		华安期货	6,220		1,617		
10		国泰君安	6,182		4,216		
11		广发期货	6,062		4,169		
12		申银万国	5,938		1,591		
13		中国国际	4,718		3,770		
14		金瑞期货	4,583		1,403		
15		永安期货	3,640		671		
16		宏源期货	3,297		1,534		
17		上海中期	3,183		-158		
18		安粮期货	2,722		1,283		
19		平安期货	2,445		-123		
20		国投安信	2,335		-2,338		
总计				180,082		35,723		

名次		会员简称	持买单量	增减		
1		中粮期货	15,653		5,262		
2		永安期货	13,298		431		
3		中信期货	12,297		-160		
4		中财期货	11,720		187		
5		申银万国	9,837		349		
6		东证期货	9,115		514		
7		一德期货	8,600		-262		
8		德盛期货	7,406		-6		
9		五矿经易	6,237		175		
10		华泰期货	5,163		33		
11		银河期货	5,076		617		
12		光大期货	5,065		-384		
13		广州金控	4,715		439		
14		信达期货	4,655		60		
15		安粮期货	4,398		816		
16		国泰君安	3,888		2,464		
17		建信期货	3,751		66		
18		鲁证期货	3,314		9		
19		创元期货	3,244		108		
20		国投安信	2,841		-391		
总计				140,273		10,327		

名次		会员简称	持卖单量	增减		
1		中粮期货	36,456		1,803		
2		摩根大通	23,658		92		
3		国投安信	16,960		364		
4		中信期货	11,933		1,724		
5		广发期货	9,894		555		
6		国泰君安	9,118		266		
7		永安期货	9,027		199		
8		平安期货	8,724		809		
9		银河期货	8,421		870		
10		一德期货	8,385		389		
11		新湖期货	6,270		40		
12		申银万国	5,497		-141		
13		英大期货	4,876		16		
14		五矿经易	4,350		100		
15		北京首创	4,258		52		
16		国富期货	3,496		286		
17		金瑞期货	2,595		116		
18		东证期货	2,542		461		
19		海通期货	2,264		209		
20		华泰期货	2,166		23		
总计				180,890		8,233		



会员类别	总成交量	增减		
期货公司会员	180,082		35,723		

会员类别	总持买单量	增减		
期货公司会员	140,273		10,327		

会员类别	总持卖单量	增减		
期货公司会员	180,890		8,233		

