								大连商品交易所 成交量_买持仓_卖持仓排名	

合约代码：a2005		Date：20200306	

			期货公司会员	

名次		会员简称	成交量		增减		
1		华泰期货	18,670		-12,763		
2		中信期货	17,932		-9,916		
3		东证期货	17,797		-6,582		
4		国富期货	17,452		-2,175		
5		徽商期货	12,573		-13,892		
6		华安期货	11,216		-6,641		
7		国泰君安	10,829		-6,768		
8		方正中期	10,068		-4,539		
9		海通期货	7,472		-4,719		
10		华信期货	7,295		-4,638		
11		东方财富	6,597		-5,311		
12		申银万国	6,414		-3,399		
13		广州期货	6,039		4,374		
14		银河期货	5,259		-1,274		
15		宏源期货	4,879		-2,679		
16		渤海期货	4,345		-2,159		
17		安粮期货	4,264		-1,528		
18		鲁证期货	4,066		-3,059		
19		光大期货	4,063		-1,240		
20		国联期货	4,017		1,059		
总计				181,247		-87,849		

名次		会员简称	持买单量	增减		
1		浙商期货	10,667		-526		
2		中信期货	9,081		214		
3		永安期货	7,328		-284		
4		鲁证期货	7,237		-97		
5		海通期货	5,977		730		
6		国投安信	5,642		277		
7		东证期货	5,351		238		
8		兴证期货	3,886		-449		
9		华泰期货	3,809		608		
10		方正中期	3,786		-1,080		
11		北京首创	3,239		-171		
12		国泰君安	3,035		-90		
13		中信建投	2,979		-845		
14		银河期货	2,744		16		
15		东吴期货	2,707		-30		
16		广发期货	2,609		-121		
17		一德期货	2,489		-159		
18		中财期货	2,445		-155		
19		国联期货	2,295		-17		
20		南华期货	1,999		-67		
总计				89,305		-2,008		

名次		会员简称	持卖单量	增减		
1		光大期货	6,143		-138		
2		中信期货	5,711		48		
3		东证期货	5,239		-17		
4		国投安信	5,239		-371		
5		中国国际	4,816		-208		
6		五矿经易	4,652		-1,010		
7		永安期货	4,511		-33		
8		华安期货	4,174		-782		
9		银河期货	3,725		719		
10		南华期货	3,582		-39		
11		鲁证期货	3,517		97		
12		广州金控	3,497		-165		
13		渤海期货	3,211		201		
14		东方财富	3,059		-704		
15		徽商期货	3,041		-539		
16		申银万国	2,635		36		
17		中信建投	2,463		-432		
18		宏源期货	2,247		-855		
19		招商期货	2,094		-97		
20		浙商期货	2,023		-104		
总计				75,579		-4,393		



会员类别	总成交量	增减		
期货公司会员	181,247		-87,849		

会员类别	总持买单量	增减		
期货公司会员	89,305		-2,008		

会员类别	总持卖单量	增减		
期货公司会员	75,579		-4,393		

