								大连商品交易所 成交量_买持仓_卖持仓排名	

合约代码：jd2006		Date：2020-03-03	

			期货公司会员	

名次		会员简称	成交量		增减		
1		东证期货	6,838		-624		
2		方正中期	5,028		-2,660		
3		徽商期货	2,517		-6,153		
4		海通期货	2,004		-1,668		
5		华安期货	1,967		-648		
6		西部期货	1,642		-931		
7		东方财富	1,568		-1,944		
8		华泰期货	1,461		-2,115		
9		中信建投	1,322		-4,734		
10		中信期货	1,164		-545		
11		国信期货	1,094		-776		
12		鲁证期货	1,078		434		
13		安粮期货	1,070		-94		
14		广发期货	962		-1,461		
15		申银万国	924		-340		
16		瑞达期货	908		586		
17		永安期货	894		-851		
18		国泰君安	868		-448		
19		迈科期货	854		658		
20		中国国际	829		-270		
总计				34,992		-24,584		

名次		会员简称	持买单量	增减		
1		中信期货	1,270		-3		
2		中信建投	1,054		241		
3		国泰君安	942		-143		
4		方正中期	865		186		
5		华安期货	746		104		
6		徽商期货	730		-37		
7		广发期货	671		95		
8		大地期货	603		-31		
9		东方财富	570		94		
10		东海期货	518		-168		
11		永安期货	463		175		
12		银河期货	451		-127		
13		申银万国	433		40		
14		宏源期货	385		-28		
15		海通期货	374		45		
16		兴证期货	355		-211		
17		国金期货	342		149		
18		东证期货	329		-66		
19		国投安信	329		31		
20		鲁证期货	323		46		
总计				11,753		392		

名次		会员简称	持卖单量	增减		
1		华泰期货	1,289		-212		
2		一德期货	1,088		120		
3		宏源期货	1,074		-130		
4		长江期货	1,032		-46		
5		申银万国	905		144		
6		华安期货	790		187		
7		浙商期货	696		395		
8		徽商期货	663		32		
9		永安期货	625		7		
10		方正中期	616		-168		
11		格林大华	609		-10		
12		美尔雅期货	584		156		
13		东航期货	541		-56		
14		中信期货	515		31		
15		南华期货	415		-1		
16		国泰君安	410		165		
17		广发期货	370		-131		
18		倍特期货	361		160		
19		江苏东华	340		100		
20		中粮期货	335		-15		
总计				13,258		728		



会员类别	总成交量	增减		
期货公司会员	34,992		-24,584		

会员类别	总持买单量	增减		
期货公司会员	11,753		392		

会员类别	总持卖单量	增减		
期货公司会员	13,258		728		

