								大连商品交易所 成交量_买持仓_卖持仓排名	

合约代码：jd2009		Date：2020-03-13	

			期货公司会员	

名次		会员简称	成交量		增减		
1		国富期货	3,950		317		
2		方正中期	2,712		-305		
3		徽商期货	2,680		638		
4		海通期货	2,597		159		
5		中信期货	2,311		-91		
6		国泰君安	1,797		788		
7		华安期货	1,723		-142		
8		长江期货	1,456		212		
9		广发期货	1,376		-179		
10		申银万国	1,292		588		
11		天风期货	1,259		248		
12		永安期货	1,255		-121		
13		华泰期货	1,204		-124		
14		国信期货	1,095		239		
15		新湖期货	1,071		101		
16		中辉期货	1,041		59		
17		弘业期货	1,022		47		
18		安粮期货	1,007		116		
19		东方财富	961		48		
20		宏源期货	894		116		
总计				32,703		2,714		

名次		会员简称	持买单量	增减		
1		国泰君安	3,719		478		
2		宏源期货	2,374		175		
3		新湖期货	1,984		-114		
4		瑞达期货	1,685		3		
5		中州期货	1,610		-25		
6		徽商期货	1,515		-172		
7		华信期货	1,401		-50		
8		国海良时	1,387		-261		
9		广发期货	1,328		-11		
10		方正中期	1,080		-128		
11		永安期货	1,041		-93		
12		海通期货	1,034		71		
13		国投安信	1,013		-18		
14		中国国际	987		59		
15		华安期货	983		-66		
16		中信期货	891		-145		
17		南华期货	872		-75		
18		东证期货	853		-141		
19		银河期货	849		-47		
20		国信期货	822		38		
总计				27,428		-522		

名次		会员简称	持卖单量	增减		
1		华泰期货	2,454		-131		
2		国泰君安	2,418		-117		
3		永安期货	2,386		-96		
4		宏源期货	1,934		189		
5		方正中期	1,927		74		
6		国富期货	1,616		28		
7		徽商期货	1,512		30		
8		长江期货	1,389		7		
9		格林大华	1,334		-16		
10		广发期货	1,248		-139		
11		东证期货	1,245		55		
12		银河期货	1,101		-43		
13		申银万国	1,090		-53		
14		华安期货	967		-95		
15		中银国际	839		-20		
16		安粮期货	809		149		
17		广州金控	774		31		
18		中国国际	738		-23		
19		迈科期货	701		-17		
20		鲁证期货	678		-47		
总计				27,160		-234		



会员类别	总成交量	增减		
期货公司会员	32,703		2,714		

会员类别	总持买单量	增减		
期货公司会员	27,428		-522		

会员类别	总持卖单量	增减		
期货公司会员	27,160		-234		

