								大连商品交易所 成交量_买持仓_卖持仓排名	

合约代码：i2101		Date：2020-03-13	

			期货公司会员	

名次		会员简称	成交量		增减		
1		东证期货	8,580		807		
2		光大期货	5,910		1,342		
3		中财期货	3,386		2,050		
4		方正中期	2,806		2,412		
5		东吴期货	2,630		488		
6		永安期货	2,518		365		
7		华泰期货	2,281		2,090		
8		中信期货	2,063		-2,381		
9		中国国际	1,723		1,383		
10		天风期货	1,536		982		
11		银河期货	1,533		1,086		
12		申银万国	1,257		1,048		
13		徽商期货	1,145		-786		
14		海通期货	888		317		
15		华西期货	827		258		
16		摩根大通	813		813		
17		国信期货	808		157		
18		宏源期货	794		409		
19		海证期货	767		-241		
20		英大期货	736		296		
总计				43,001		12,895		

名次		会员简称	持买单量	增减		
1		永安期货	8,762		976		
2		中国国际	6,160		-1,504		
3		申银万国	2,044		9		
4		道通期货	2,030		10		
5		上海中期	1,719		-1		
6		华泰期货	1,661		-21		
7		招商期货	1,596		45		
8		中信期货	1,398		-137		
9		南华期货	1,312		37		
10		乾坤期货	1,000		0		
11		国泰君安	880		19		
12		光大期货	868		-118		
13		英大期货	856		297		
14		方正中期	792		-922		
15		银河期货	698		-22		
16		海证期货	544		-5		
17		华安期货	442		4		
18		国信期货	364		-59		
19		徽商期货	329		-49		
20		长安期货	311		7		
总计				33,766		-1,434		

名次		会员简称	持卖单量	增减		
1		银河期货	6,143		-557		
2		中信期货	3,520		126		
3		永安期货	2,903		-878		
4		上海中期	2,651		29		
5		方正中期	2,301		470		
6		海证期货	2,211		-250		
7		一德期货	2,163		176		
8		招商期货	1,565		50		
9		申银万国	1,274		24		
10		前海期货	891		-30		
11		中财期货	823		-184		
12		国富期货	713		-42		
13		国海良时	712		3		
14		北京首创	696		-1		
15		国贸期货	696		361		
16		上海东亚	643		62		
17		国联期货	456		-26		
18		国信期货	430		47		
19		华泰期货	385		-12		
20		鲁证期货	382		73		
总计				31,558		-559		



会员类别	总成交量	增减		
期货公司会员	43,001		12,895		

会员类别	总持买单量	增减		
期货公司会员	33,766		-1,434		

会员类别	总持卖单量	增减		
期货公司会员	31,558		-559		

