								大连商品交易所 成交量_买持仓_卖持仓排名	

合约代码：l2005		Date：2020-03-03	

			期货公司会员	

名次		会员简称	成交量		增减		
1		东证期货	106,429		-13,587		
2		兴证期货	24,975		-5,896		
3		国富期货	24,226		-6,977		
4		海通期货	14,122		-4,416		
5		中信期货	12,191		2,063		
6		申银万国	11,027		-513		
7		银河期货	10,774		-549		
8		招商期货	8,015		-1,597		
9		国泰君安	7,935		-275		
10		光大期货	7,663		-2,183		
11		方正中期	6,568		-3,266		
12		国信期货	6,203		-1,309		
13		永安期货	6,170		1,318		
14		华泰期货	5,824		-1,521		
15		建信期货	4,716		1,288		
16		国投安信	4,675		-2,667		
17		东方财富	4,276		1,372		
18		五矿经易	3,698		3,219		
19		宏源期货	3,606		-819		
20		华安期货	3,526		916		
总计				276,619		-35,399		

名次		会员简称	持买单量	增减		
1		永安期货	29,942		-643		
2		东证期货	13,387		-727		
3		弘业期货	11,647		-529		
4		南华期货	10,986		443		
5		信达期货	8,812		644		
6		方正中期	8,456		132		
7		东海期货	7,847		171		
8		建信期货	7,769		4,054		
9		中信期货	7,204		-670		
10		华泰期货	7,072		-241		
11		申银万国	6,332		23		
12		浙商期货	5,917		-50		
13		大地期货	5,687		-112		
14		中大期货	5,504		-178		
15		中财期货	5,366		-120		
16		国投安信	4,967		120		
17		中粮期货	4,949		-35		
18		广发期货	4,908		-105		
19		五矿经易	4,871		1,094		
20		徽商期货	4,563		28		
总计				166,186		3,299		

名次		会员简称	持卖单量	增减		
1		华泰期货	24,511		79		
2		申银万国	22,539		1,204		
3		中信期货	19,339		-1,193		
4		国投安信	18,727		585		
5		浙商期货	17,532		265		
6		永安期货	12,322		897		
7		中财期货	11,533		21		
8		银河期货	11,462		460		
9		方正中期	11,358		850		
10		光大期货	9,404		-225		
11		东证期货	7,511		-1,442		
12		瑞达期货	6,765		356		
13		国海良时	6,599		271		
14		南华期货	6,224		72		
15		国泰君安	6,064		107		
16		建信期货	5,930		-38		
17		兴证期货	5,111		138		
18		兴业期货	4,179		-130		
19		海通期货	3,975		-535		
20		中粮期货	3,775		-113		
总计				214,860		1,629		



会员类别	总成交量	增减		
期货公司会员	276,619		-35,399		

会员类别	总持买单量	增减		
期货公司会员	166,186		3,299		

会员类别	总持卖单量	增减		
期货公司会员	214,860		1,629		

