								大连商品交易所 成交量_买持仓_卖持仓排名	

合约代码：jd2009		Date：2020-02-14	

			期货公司会员	

名次		会员简称	成交量		增减		
1		东证期货	12,550		-7,962		
2		徽商期货	7,556		-715		
3		申银万国	5,590		-127		
4		国富期货	5,315		-737		
5		华安期货	4,406		-664		
6		方正中期	4,076		-391		
7		中信期货	3,499		-1,903		
8		华泰期货	3,410		-1,093		
9		海通期货	3,062		-238		
10		东吴期货	3,001		308		
11		安粮期货	2,332		306		
12		长江期货	2,261		595		
13		东方财富	2,191		-1,228		
14		中信建投	2,126		-307		
15		中辉期货	2,086		-165		
16		国海良时	2,078		655		
17		永安期货	1,960		-588		
18		华信期货	1,829		1,011		
19		美尔雅期货	1,790		78		
20		弘业期货	1,704		148		
总计				72,822		-13,017		

名次		会员简称	持买单量	增减		
1		徽商期货	2,459		671		
2		中信期货	2,175		109		
3		国海良时	2,142		28		
4		国泰君安	2,051		116		
5		新湖期货	2,022		75		
6		海通期货	1,887		504		
7		方正中期	1,841		149		
8		宏源期货	1,832		187		
9		浙商期货	1,655		144		
10		光大期货	1,644		368		
11		瑞达期货	1,545		571		
12		申银万国	1,496		435		
13		华安期货	1,419		127		
14		银河期货	1,411		-74		
15		永安期货	1,239		38		
16		国富期货	1,233		66		
17		中国国际	1,223		188		
18		华泰期货	1,193		-388		
19		国投安信	1,189		6		
20		中信建投	1,172		327		
总计				32,828		3,647		

名次		会员简称	持卖单量	增减		
1		华泰期货	3,636		122		
2		徽商期货	2,298		297		
3		方正中期	2,079		123		
4		国泰君安	2,039		204		
5		永安期货	2,030		24		
6		长江期货	1,962		182		
7		宏源期货	1,906		160		
8		格林大华	1,880		46		
9		华安期货	1,809		13		
10		广发期货	1,806		103		
11		中国国际	1,582		156		
12		国富期货	1,581		419		
13		东证期货	1,515		56		
14		申银万国	1,486		71		
15		银河期货	1,436		111		
16		中信期货	1,418		218		
17		中辉期货	1,304		338		
18		东方财富	1,191		128		
19		大有期货	1,189		228		
20		中信建投	1,166		-123		
总计				35,313		2,876		



会员类别	总成交量	增减		
期货公司会员	72,822		-13,017		

会员类别	总持买单量	增减		
期货公司会员	32,828		3,647		

会员类别	总持卖单量	增减		
期货公司会员	35,313		2,876		

