								大连商品交易所 成交量_买持仓_卖持仓排名	

合约代码：p2005		Date：2020-02-19	

			期货公司会员	

名次		会员简称	成交量		增减		
1		东证期货	491,882		78,362		
2		国泰君安	153,370		3,869		
3		国信期货	148,445		40,518		
4		兴证期货	118,055		43,643		
5		申银万国	114,411		30,958		
6		国富期货	94,018		14,461		
7		光大期货	88,025		26,319		
8		徽商期货	65,631		30,024		
9		银河期货	64,065		18,687		
10		海通期货	61,526		19,855		
11		东方财富	56,638		-4,725		
12		中信期货	53,319		11,146		
13		广发期货	52,196		16,622		
14		华闻期货	51,484		5,072		
15		安粮期货	47,028		15,623		
16		华安期货	43,163		6,890		
17		金瑞期货	41,836		6,245		
18		永安期货	39,907		4,201		
19		华泰期货	39,674		7,092		
20		方正中期	38,415		10,082		
总计				1,863,088	384,944		

名次		会员简称	持买单量	增减		
1		银河期货	32,640		-108		
2		永安期货	23,828		1,457		
3		中粮期货	18,643		-1,612		
4		国泰君安	17,725		344		
5		东证期货	17,638		335		
6		宏源期货	15,621		1,137		
7		中国国际	13,957		-639		
8		国富期货	13,663		207		
9		国投安信	12,094		1,228		
10		中信期货	11,868		-45		
11		一德期货	11,803		203		
12		申银万国	11,059		-1,092		
13		广发期货	10,984		2,050		
14		信达期货	9,287		1,397		
15		浙商期货	9,138		-165		
16		徽商期货	8,267		3,357		
17		格林大华	7,323		123		
18		东方财富	7,004		742		
19		方正中期	6,740		695		
20		安粮期货	6,617		-947		
总计				265,899		8,667		

名次		会员简称	持卖单量	增减		
1		中粮期货	39,885		4,834		
2		鲁证期货	26,580		-461		
3		中信期货	22,244		2,534		
4		国投安信	21,636		-971		
5		华闻期货	20,026		-1,454		
6		银河期货	16,917		439		
7		华泰期货	14,594		-957		
8		海通期货	14,013		5,762		
9		国富期货	13,952		393		
10		东证期货	12,192		257		
11		永安期货	11,802		4		
12		建信期货	10,715		1,172		
13		浙商期货	10,322		-827		
14		申银万国	9,684		-359		
15		光大期货	6,798		552		
16		东方财富	6,579		620		
17		徽商期货	6,529		-154		
18		一德期货	6,074		-319		
19		摩根大通	5,984		-350		
20		国泰君安	5,768		-324		
总计				282,294		10,391		



会员类别	总成交量	增减		
期货公司会员	1,863,088	384,944		

会员类别	总持买单量	增减		
期货公司会员	265,899		8,667		

会员类别	总持卖单量	增减		
期货公司会员	282,294		10,391		

