								大连商品交易所 成交量_买持仓_卖持仓排名	

合约代码：eg2005		Date：2020-02-13	

			期货公司会员	

名次		会员简称	成交量		增减		
1		东证期货	52,335		-15,550		
2		徽商期货	16,366		-1,597		
3		中信期货	14,654		-6,292		
4		海通期货	12,041		-11,158		
5		国富期货	9,046		-4,969		
6		国泰君安	6,962		-2,407		
7		华泰期货	6,354		-358		
8		华安期货	6,290		-3,018		
9		申银万国	4,610		-3,080		
10		平安期货	4,577		-2,853		
11		南华期货	4,534		275		
12		安粮期货	4,177		-1,584		
13		东方财富	4,147		-1,892		
14		光大期货	4,018		-865		
15		方正中期	3,940		-2,281		
16		银河期货	3,818		-3,230		
17		中辉期货	3,603		-945		
18		东吴期货	3,508		-2,578		
19		永安期货	3,476		-4,479		
20		先锋期货	3,319		359		
总计				171,775		-68,502		

名次		会员简称	持买单量	增减		
1		通惠期货	11,668		-145		
2		建信期货	7,568		49		
3		东证期货	6,783		-190		
4		新湖期货	6,620		-22		
5		永安期货	6,333		-263		
6		中信期货	5,429		-1,315		
7		鲁证期货	4,660		44		
8		徽商期货	3,861		1,294		
9		南华期货	3,803		-41		
10		招商期货	3,528		-82		
11		国泰君安	3,444		117		
12		方正中期	3,306		143		
13		华泰期货	2,849		70		
14		浙商期货	2,792		389		
15		英大期货	2,437		18		
16		先融期货	2,340		13		
17		银河期货	2,080		-150		
18		宝城期货	2,060		-8		
19		中信建投	2,042		-82		
20		海通期货	1,971		580		
总计				85,574		419		

名次		会员简称	持卖单量	增减		
1		永安期货	11,732		201		
2		宝城期货	10,555		-74		
3		中信期货	8,701		863		
4		银河期货	6,644		-498		
5		天风期货	6,596		484		
6		国泰君安	6,464		-399		
7		华泰期货	5,135		48		
8		东证期货	4,609		-411		
9		中粮期货	4,307		21		
10		东海期货	4,188		-21		
11		东吴期货	3,741		-311		
12		鲁证期货	3,110		76		
13		弘业期货	2,802		16		
14		国投安信	2,788		-5		
15		一德期货	2,728		219		
16		兴业期货	2,676		1,068		
17		大地期货	2,651		136		
18		瑞达期货	2,613		113		
19		南华期货	2,459		-153		
20		方正中期	2,423		15		
总计				96,922		1,388		



会员类别	总成交量	增减		
期货公司会员	171,775		-68,502		

会员类别	总持买单量	增减		
期货公司会员	85,574		419		

会员类别	总持卖单量	增减		
期货公司会员	96,922		1,388		

