								大连商品交易所 成交量_买持仓_卖持仓排名	

合约代码：l2005		Date：2020-02-14	

			期货公司会员	

名次		会员简称	成交量		增减		
1		东证期货	62,018		-5,235		
2		国富期货	18,221		-10,353		
3		兴证期货	14,801		-2,586		
4		海通期货	7,558		-1,334		
5		申银万国	7,199		924		
6		华泰期货	6,866		1,961		
7		银河期货	6,486		1,144		
8		中信期货	6,240		-1,283		
9		国信期货	5,576		-2,463		
10		徽商期货	5,550		2,271		
11		方正中期	4,824		-266		
12		永安期货	4,161		-1,883		
13		一德期货	3,854		2,920		
14		光大期货	3,622		-1,681		
15		弘业期货	3,104		-568		
16		国泰君安	2,831		-141		
17		国投安信	2,755		-844		
18		招商期货	2,446		1,095		
19		南华期货	2,296		-440		
20		广发期货	1,806		-1,061		
总计				172,214		-19,823		

名次		会员简称	持买单量	增减		
1		永安期货	33,783		-1,548		
2		东证期货	22,740		3,769		
3		弘业期货	12,141		-741		
4		中信期货	9,546		-243		
5		信达期货	8,537		-360		
6		华泰期货	7,961		-35		
7		方正中期	7,853		-176		
8		东海期货	7,149		-51		
9		中大期货	6,376		-201		
10		中粮期货	6,262		-5		
11		大地期货	6,178		-18		
12		徽商期货	6,120		673		
13		华安期货	5,582		-80		
14		国泰君安	5,399		50		
15		西南期货	5,166		-216		
16		一德期货	5,013		3,174		
17		申银万国	4,910		-108		
18		中财期货	4,823		79		
19		南华期货	4,703		-1,097		
20		浙商期货	4,627		84		
总计				174,869		2,950		

名次		会员简称	持卖单量	增减		
1		华泰期货	27,442		1,291		
2		中信期货	21,711		-147		
3		国投安信	18,950		269		
4		申银万国	18,339		-1,457		
5		浙商期货	16,638		334		
6		东证期货	15,100		1,057		
7		中财期货	13,198		-36		
8		方正中期	13,035		-568		
9		银河期货	11,752		46		
10		光大期货	11,200		205		
11		永安期货	10,625		661		
12		建信期货	7,799		531		
13		国海良时	7,282		90		
14		南华期货	6,664		-423		
15		瑞达期货	6,425		356		
16		兴证期货	6,053		-1,104		
17		国泰君安	5,402		-137		
18		中银国际	4,856		182		
19		摩根大通	4,617		14		
20		兴业期货	4,614		311		
总计				231,702		1,475		



会员类别	总成交量	增减		
期货公司会员	172,214		-19,823		

会员类别	总持买单量	增减		
期货公司会员	174,869		2,950		

会员类别	总持卖单量	增减		
期货公司会员	231,702		1,475		

