								大连商品交易所 成交量_买持仓_卖持仓排名	

合约代码：i2009		Date：2020-02-14	

			期货公司会员	

名次		会员简称	成交量		增减		
1		东证期货	23,185		-3,649		
2		光大期货	9,529		-1,620		
3		五矿经易	7,392		4,323		
4		华泰期货	7,299		4,015		
5		中信期货	7,139		-1,005		
6		永安期货	5,808		425		
7		申银万国	5,451		-3,171		
8		浙商期货	5,076		2,263		
9		海通期货	3,859		163		
10		方正中期	2,995		448		
11		鲁证期货	2,906		-188		
12		徽商期货	2,677		-1,025		
13		东海期货	2,636		-1,202		
14		银河期货	2,524		-9		
15		东吴期货	2,299		-134		
16		混沌天成	2,241		1,766		
17		大越期货	1,926		-475		
18		大地期货	1,543		925		
19		安粮期货	1,284		-532		
20		海证期货	1,232		-2,848		
总计				99,001		-1,530		

名次		会员简称	持买单量	增减		
1		申银万国	31,377		502		
2		东海期货	17,686		-2,545		
3		华泰期货	16,570		-3,038		
4		五矿经易	13,241		-3		
5		国泰君安	11,901		81		
6		银河期货	11,602		20		
7		海证期货	10,667		-7		
8		永安期货	10,438		3,506		
9		浙商期货	6,993		550		
10		中信期货	6,905		94		
11		鲁证期货	5,684		-2,386		
12		海通期货	4,043		354		
13		国海良时	3,711		149		
14		长江期货	3,560		55		
15		东兴期货	3,204		103		
16		招商期货	3,076		8		
17		冠通期货	2,928		-60		
18		方正中期	2,623		25		
19		中辉期货	2,318		-67		
20		摩根大通	2,300		100		
总计				170,827		-2,559		

名次		会员简称	持卖单量	增减		
1		国泰君安	17,885		155		
2		中信期货	16,574		-61		
3		五矿经易	15,854		4,847		
4		永安期货	13,290		-584		
5		兴证期货	11,409		-48		
6		申银万国	10,976		469		
7		方正中期	9,898		-1,108		
8		一德期货	9,850		17		
9		天风期货	6,402		-380		
10		北京首创	6,120		-18		
11		东海期货	5,865		-7		
12		国投安信	5,425		-72		
13		宝城期货	5,278		102		
14		银河期货	5,020		-846		
15		国富期货	4,908		-222		
16		华泰期货	4,670		-3,215		
17		浙商期货	4,618		1,924		
18		国贸期货	3,968		-70		
19		宏源期货	3,685		-9		
20		海通期货	3,079		-327		
总计				164,774		547		



会员类别	总成交量	增减		
期货公司会员	99,001		-1,530		

会员类别	总持买单量	增减		
期货公司会员	170,827		-2,559		

会员类别	总持卖单量	增减		
期货公司会员	164,774		547		

