								大连商品交易所 成交量_买持仓_卖持仓排名	

合约代码：p2009		Date：2020-02-13	

			期货公司会员	

名次		会员简称	成交量		增减		
1		东证期货	64,130		917		
2		光大期货	14,828		1,039		
3		招商期货	12,013		296		
4		申银万国	10,488		460		
5		国元期货	10,347		1,915		
6		华泰期货	9,418		2,083		
7		中信期货	8,410		1,391		
8		中粮期货	7,881		4,145		
9		国泰君安	7,125		1,508		
10		广发期货	5,820		-3,090		
11		海通期货	4,607		-603		
12		国投安信	4,404		2,332		
13		长江期货	4,185		803		
14		华安期货	4,137		316		
15		上海中期	4,069		1,012		
16		永安期货	3,876		-935		
17		一德期货	3,307		1,687		
18		国富期货	3,252		-758		
19		徽商期货	3,206		506		
20		浙商期货	2,953		215		
总计				188,456		15,239		

名次		会员简称	持买单量	增减		
1		建信期货	7,095		-1,591		
2		广发期货	6,702		1,235		
3		浙商期货	6,445		789		
4		永安期货	5,553		-138		
5		摩根大通	3,807		0		
6		国投安信	3,388		906		
7		银河期货	3,367		100		
8		华泰期货	2,976		1,599		
9		中信期货	2,704		107		
10		东证期货	2,637		-57		
11		信达期货	2,613		19		
12		国富期货	2,575		659		
13		一德期货	2,394		-300		
14		华安期货	2,315		370		
15		中粮期货	2,049		-1,149		
16		金瑞期货	1,649		97		
17		申银万国	1,620		20		
18		上海大陆	1,278		280		
19		五矿经易	1,248		-114		
20		东方汇金	1,217		1,199		
总计				63,632		4,031		

名次		会员简称	持卖单量	增减		
1		永安期货	8,105		1,808		
2		中国国际	7,539		-271		
3		国泰君安	6,733		72		
4		国投安信	6,296		-504		
5		中粮期货	5,930		862		
6		申银万国	5,859		3,614		
7		广发期货	5,541		-2,025		
8		宏源期货	4,087		525		
9		中信期货	3,960		2,403		
10		建信期货	1,922		-12		
11		华泰期货	1,905		31		
12		上海中期	1,612		-1,583		
13		东证期货	1,547		111		
14		方正中期	1,459		-265		
15		南华期货	1,416		-166		
16		中辉期货	1,156		-156		
17		浙江新世纪	1,150		43		
18		中融汇信	1,054		-95		
19		徽商期货	1,031		-143		
20		国盛期货	1,000		0		
总计				69,302		4,249		



会员类别	总成交量	增减		
期货公司会员	188,456		15,239		

会员类别	总持买单量	增减		
期货公司会员	63,632		4,031		

会员类别	总持卖单量	增减		
期货公司会员	69,302		4,249		

