								大连商品交易所 成交量_买持仓_卖持仓排名	

合约代码：i2101		Date：2020-03-02	

			期货公司会员	

名次		会员简称	成交量		增减		
1		东证期货	10,411		2,975		
2		永安期货	5,408		-67		
3		申银万国	1,950		1,117		
4		中财期货	1,916		-557		
5		五矿经易	1,573		-696		
6		东吴期货	1,568		-1,030		
7		光大期货	1,444		145		
8		海通期货	1,231		739		
9		长江期货	1,202		634		
10		方正中期	1,110		-426		
11		中信期货	885		-2,345		
12		国信期货	664		-84		
13		海证期货	623		-92		
14		招商期货	546		134		
15		中钢期货	543		294		
16		广发期货	542		26		
17		安粮期货	540		103		
18		上海中期	474		-2,757		
19		徽商期货	455		218		
20		华泰期货	449		-3,046		
总计				33,534		-4,715		

名次		会员简称	持买单量	增减		
1		永安期货	6,946		2,931		
2		五矿经易	5,042		1,012		
3		中国国际	4,233		0		
4		道通期货	2,500		0		
5		方正中期	2,491		-20		
6		申银万国	2,147		-578		
7		华泰期货	1,838		-45		
8		上海中期	1,709		-13		
9		乾坤期货	1,000		0		
10		银河期货	568		-27		
11		海证期货	549		5		
12		徽商期货	538		-23		
13		中信期货	502		1		
14		招商期货	466		119		
15		光大期货	441		-115		
16		国信期货	397		-96		
17		天风期货	346		0		
18		国泰君安	254		-33		
19		金元期货	248		0		
20		英大期货	242		0		
总计				32,457		3,118		

名次		会员简称	持卖单量	增减		
1		银河期货	7,368		-49		
2		永安期货	2,947		609		
3		中信期货	2,670		310		
4		上海中期	2,458		219		
5		华泰期货	2,434		-276		
6		海证期货	2,217		438		
7		方正中期	1,726		-436		
8		一德期货	1,573		-10		
9		东海期货	913		3		
10		前海期货	806		-100		
11		申银万国	795		-26		
12		国富期货	745		-19		
13		国海良时	674		7		
14		海通期货	619		315		
15		东证期货	603		29		
16		北京首创	594		115		
17		中财期货	524		399		
18		中钢期货	434		352		
19		长城期货	375		0		
20		国联期货	346		132		
总计				30,821		2,012		



会员类别	总成交量	增减		
期货公司会员	33,534		-4,715		

会员类别	总持买单量	增减		
期货公司会员	32,457		3,118		

会员类别	总持卖单量	增减		
期货公司会员	30,821		2,012		

