								大连商品交易所 成交量_买持仓_卖持仓排名	

合约代码：jd2009		Date：2020-02-13	

			期货公司会员	

名次		会员简称	成交量		增减		
1		东证期货	20,512		2,419		
2		徽商期货	8,271		1,566		
3		国富期货	6,052		47		
4		申银万国	5,717		-108		
5		中信期货	5,402		1,060		
6		华安期货	5,070		-1,124		
7		华泰期货	4,503		401		
8		方正中期	4,467		297		
9		光大期货	4,146		909		
10		东方财富	3,419		390		
11		海通期货	3,300		-1,101		
12		金瑞期货	3,070		-785		
13		银河期货	2,750		-26		
14		东吴期货	2,693		715		
15		宏源期货	2,595		-630		
16		国泰君安	2,594		687		
17		永安期货	2,548		444		
18		南华期货	2,493		-434		
19		福能期货	2,449		1,711		
20		中信建投	2,433		-497		
总计				94,484		5,941		

名次		会员简称	持买单量	增减		
1		国海良时	2,114		340		
2		中信期货	2,066		-168		
3		新湖期货	1,947		211		
4		国泰君安	1,935		119		
5		徽商期货	1,788		64		
6		方正中期	1,692		106		
7		宏源期货	1,645		66		
8		华泰期货	1,581		339		
9		浙商期货	1,511		28		
10		银河期货	1,485		120		
11		海通期货	1,383		120		
12		华安期货	1,292		220		
13		光大期货	1,276		481		
14		永安期货	1,201		330		
15		国投安信	1,183		-45		
16		国富期货	1,167		-19		
17		中辉期货	1,102		-5		
18		申银万国	1,061		247		
19		中国国际	1,035		-295		
20		大越期货	1,028		63		
总计				29,492		2,322		

名次		会员简称	持卖单量	增减		
1		华泰期货	3,514		74		
2		永安期货	2,006		128		
3		徽商期货	2,001		343		
4		方正中期	1,956		449		
5		国泰君安	1,835		539		
6		格林大华	1,834		31		
7		华安期货	1,796		14		
8		长江期货	1,780		264		
9		宏源期货	1,746		215		
10		广发期货	1,703		298		
11		东证期货	1,459		40		
12		中国国际	1,426		24		
13		申银万国	1,415		120		
14		银河期货	1,325		98		
15		中信建投	1,289		20		
16		中信期货	1,200		-14		
17		国富期货	1,162		293		
18		东方财富	1,063		56		
19		中辉期货	966		-6		
20		鲁证期货	965		73		
总计				32,441		3,059		



会员类别	总成交量	增减		
期货公司会员	94,484		5,941		

会员类别	总持买单量	增减		
期货公司会员	29,492		2,322		

会员类别	总持卖单量	增减		
期货公司会员	32,441		3,059		

