								大连商品交易所 成交量_买持仓_卖持仓排名	

合约代码：pp2009		Date：2020-02-14	

			期货公司会员	

名次		会员简称	成交量		增减		
1		东证期货	3,854		-1,032		
2		华泰期货	2,141		1,454		
3		中信期货	2,065		301		
4		申银万国	1,410		-1,307		
5		永安期货	1,305		203		
6		国富期货	998		-319		
7		海通期货	789		-200		
8		东吴期货	784		342		
9		光大期货	758		5		
10		一德期货	751		506		
11		华安期货	746		-504		
12		海证期货	722		199		
13		徽商期货	716		-37		
14		广发期货	714		202		
15		银河期货	679		441		
16		弘业期货	672		142		
17		国投安信	588		-662		
18		方正中期	574		232		
19		国泰君安	565		-119		
20		上海大陆	543		125		
总计				21,374		-28		

名次		会员简称	持买单量	增减		
1		永安期货	6,815		821		
2		瑞达期货	4,392		6		
3		方正中期	4,010		-60		
4		南华期货	3,856		96		
5		中信建投	3,133		178		
6		中财期货	2,924		1		
7		华泰期货	2,508		884		
8		国泰君安	2,334		-306		
9		新湖期货	2,267		-40		
10		浙商期货	2,069		-1		
11		国海良时	1,967		-34		
12		中大期货	1,767		-32		
13		国投安信	1,714		-115		
14		大越期货	1,590		50		
15		广发期货	1,461		51		
16		华安期货	1,395		-16		
17		徽商期货	1,350		-54		
18		弘业期货	1,301		41		
19		中国国际	1,167		11		
20		一德期货	1,165		49		
总计				49,185		1,530		

名次		会员简称	持卖单量	增减		
1		申银万国	11,077		773		
2		弘业期货	8,063		127		
3		国贸期货	4,807		-1		
4		国投安信	4,609		-185		
5		中银国际	3,207		107		
6		信达期货	2,669		-25		
7		永安期货	2,641		42		
8		中财期货	2,626		240		
9		华泰期货	2,506		553		
10		方正中期	2,250		32		
11		兴业期货	1,653		0		
12		银河期货	1,635		160		
13		华信期货	1,373		-405		
14		浙商期货	1,336		-8		
15		天风期货	1,334		98		
16		东证期货	1,257		41		
17		国海良时	1,247		-1		
18		鲁证期货	1,215		6		
19		东海期货	1,022		0		
20		中信期货	1,010		60		
总计				57,537		1,614		



会员类别	总成交量	增减		
期货公司会员	21,374		-28		

会员类别	总持买单量	增减		
期货公司会员	49,185		1,530		

会员类别	总持卖单量	增减		
期货公司会员	57,537		1,614		

