								大连商品交易所 成交量_买持仓_卖持仓排名	

合约代码：jm2005		Date：2020-02-14	

			期货公司会员	

名次		会员简称	成交量		增减		
1		东证期货	11,371		-2,729		
2		中辉期货	4,039		1,279		
3		国富期货	3,569		-2,621		
4		中信期货	2,798		-1,715		
5		光大期货	2,359		-2,056		
6		国泰君安	2,019		-988		
7		兴证期货	1,718		167		
8		永安期货	1,661		-4,017		
9		华泰期货	1,527		-957		
10		弘业期货	1,254		-476		
11		徽商期货	1,229		-318		
12		广发期货	1,115		-621		
13		方正中期	1,070		-1,017		
14		国联期货	1,028		788		
15		国投安信	1,024		-394		
16		申银万国	1,010		-1,210		
17		海通期货	974		-731		
18		华安期货	912		-138		
19		国贸期货	886		668		
20		招商期货	874		324		
总计				42,437		-16,762		

名次		会员简称	持买单量	增减		
1		永安期货	10,209		80		
2		中信期货	8,700		-290		
3		东证期货	7,547		-540		
4		兴证期货	3,246		237		
5		海通期货	2,992		-49		
6		华泰期货	2,982		129		
7		中辉期货	2,794		-233		
8		银河期货	2,656		38		
9		国富期货	2,492		-578		
10		国泰君安	2,260		-400		
11		申银万国	1,822		-376		
12		方正中期	1,751		-197		
13		格林大华	1,686		-247		
14		摩根大通	1,612		149		
15		宏源期货	1,585		215		
16		鲁证期货	1,431		29		
17		瑞达期货	1,429		20		
18		东航期货	1,401		87		
19		国贸期货	1,278		439		
20		光大期货	1,243		-739		
总计				61,116		-2,226		

名次		会员简称	持卖单量	增减		
1		永安期货	9,319		313		
2		东证期货	7,326		-723		
3		中信期货	4,828		-206		
4		中国国际	4,821		8		
5		中粮期货	4,255		124		
6		银河期货	4,169		42		
7		中辉期货	3,751		-188		
8		申银万国	3,697		-300		
9		国投安信	3,408		197		
10		国联期货	1,947		68		
11		华泰期货	1,929		-240		
12		国富期货	1,871		-689		
13		中信建投	1,803		22		
14		英大期货	1,578		-1		
15		国泰君安	1,575		-249		
16		光大期货	1,543		-402		
17		招商期货	1,447		-180		
18		财达期货	1,397		575		
19		建信期货	1,362		0		
20		平安期货	1,224		215		
总计				63,250		-1,614		



会员类别	总成交量	增减		
期货公司会员	42,437		-16,762		

会员类别	总持买单量	增减		
期货公司会员	61,116		-2,226		

会员类别	总持卖单量	增减		
期货公司会员	63,250		-1,614		

