								大连商品交易所 成交量_买持仓_卖持仓排名	

合约代码：i2005		Date：2020-03-03	

			期货公司会员	

名次		会员简称	成交量		增减		
1		冠通期货	258,051		-49,587		
2		东证期货	201,524		-52,487		
3		国富期货	154,244		-82,547		
4		国泰君安	125,755		44,425		
5		海通期货	77,454		1,968		
6		银河期货	57,909		-21,268		
7		方正中期	55,682		-11,327		
8		光大期货	55,659		-26,149		
9		广发期货	54,018		-11,081		
10		中信期货	46,906		-28,059		
11		徽商期货	46,398		-6,569		
12		一德期货	46,239		4,348		
13		永安期货	42,120		1,006		
14		华泰期货	39,967		-7,497		
15		申银万国	39,087		-29,433		
16		中信建投	38,131		-1,136		
17		鲁证期货	27,362		-41,812		
18		中辉期货	26,594		-12,222		
19		华安期货	26,358		-6,412		
20		长江期货	25,257		3,603		
总计				1,444,715	-332,236	

名次		会员简称	持买单量	增减		
1		永安期货	56,348		6,247		
2		中信期货	38,580		3,519		
3		五矿经易	36,712		4,029		
4		国泰君安	36,681		567		
5		乾坤期货	26,887		2,546		
6		东海期货	25,898		-667		
7		海通期货	24,512		2,318		
8		方正中期	24,201		-327		
9		鲁证期货	23,614		-717		
10		兴证期货	19,782		198		
11		申银万国	19,431		-1,739		
12		浙商期货	19,305		330		
13		国富期货	18,839		183		
14		华泰期货	17,351		882		
15		一德期货	16,805		614		
16		东证期货	16,718		-459		
17		瑞银期货	15,471		-1,495		
18		大地期货	13,303		799		
19		广发期货	12,133		487		
20		中信建投	11,882		653		
总计				474,453		17,968		

名次		会员简称	持卖单量	增减		
1		中信期货	62,848		-467		
2		银河期货	45,073		-2,983		
3		永安期货	31,547		3,941		
4		华闻期货	30,173		122		
5		鲁证期货	27,758		17,079		
6		一德期货	27,102		8,865		
7		国泰君安	22,271		2,986		
8		方正中期	21,211		4,641		
9		中信建投	18,126		410		
10		国贸期货	17,822		-206		
11		华泰期货	17,014		-1,087		
12		东证期货	16,872		1,473		
13		光大期货	15,567		-536		
14		宝城期货	14,986		-84		
15		国投安信	14,866		-157		
16		国富期货	14,498		125		
17		海通期货	13,286		4,076		
18		广发期货	12,104		-653		
19		兴证期货	12,085		2,061		
20		浙商期货	11,521		-701		
总计				446,730		38,905		



会员类别	总成交量	增减		
期货公司会员	1,444,715	-332,236	

会员类别	总持买单量	增减		
期货公司会员	474,453		17,968		

会员类别	总持卖单量	增减		
期货公司会员	446,730		38,905		

