								大连商品交易所 成交量_买持仓_卖持仓排名	

合约代码：v2005		Date：2020-03-03	

			期货公司会员	

名次		会员简称	成交量		增减		
1		东证期货	44,389		-10,504		
2		永安期货	15,587		3,177		
3		兴证期货	14,801		-2,640		
4		国泰君安	8,820		1,148		
5		国富期货	7,376		-672		
6		华金期货	6,192		4,444		
7		海通期货	5,842		2,253		
8		申银万国	5,095		1,328		
9		鲁证期货	4,598		2,805		
10		国信期货	4,364		2,025		
11		宏源期货	4,285		-1,229		
12		徽商期货	4,102		-1,206		
13		中信期货	4,081		-1,478		
14		中大期货	3,988		-405		
15		华泰期货	3,945		965		
16		中财期货	3,922		1,343		
17		长安期货	3,477		3,128		
18		创元期货	3,112		3,068		
19		长江期货	2,958		-1,150		
20		方正中期	2,947		589		
总计				153,881		6,989		

名次		会员简称	持买单量	增减		
1		永安期货	48,033		-2,337		
2		国投安信	13,278		-967		
3		东证期货	10,373		1		
4		中信期货	9,747		-369		
5		中大期货	8,636		-424		
6		银河期货	7,847		545		
7		浙商期货	4,235		987		
8		华泰期货	3,809		1,165		
9		中银国际	3,753		-10		
10		一德期货	3,694		-1,517		
11		国泰君安	3,666		-1,988		
12		兴证期货	3,100		-355		
13		新湖期货	3,053		423		
14		国富期货	2,913		418		
15		天风期货	2,845		81		
16		中财期货	2,622		33		
17		国海良时	2,561		101		
18		中信建投	2,364		196		
19		方正中期	2,292		-155		
20		华金期货	2,170		0		
总计				140,991		-4,172		

名次		会员简称	持卖单量	增减		
1		东证期货	21,846		-342		
2		国泰君安	14,213		474		
3		一德期货	11,118		-300		
4		永安期货	10,394		-1,370		
5		中财期货	8,708		353		
6		海通期货	5,831		-162		
7		信达期货	5,739		203		
8		建信期货	5,323		118		
9		中信期货	5,258		70		
10		申银万国	4,912		450		
11		华泰期货	4,528		434		
12		中国国际	4,060		26		
13		长江期货	3,912		406		
14		大地期货	3,876		-50		
15		浙商期货	3,721		-1,266		
16		华金期货	3,667		-26		
17		广州期货	3,603		639		
18		中银国际	3,529		5		
19		兴证期货	3,381		962		
20		国投安信	3,065		73		
总计				130,684		697		



会员类别	总成交量	增减		
期货公司会员	153,881		6,989		

会员类别	总持买单量	增减		
期货公司会员	140,991		-4,172		

会员类别	总持卖单量	增减		
期货公司会员	130,684		697		

