								大连商品交易所 成交量_买持仓_卖持仓排名	

合约代码：jm2005		Date：2020-02-13	

			期货公司会员	

名次		会员简称	成交量		增减		
1		东证期货	14,100		-8,329		
2		国富期货	6,190		-3,247		
3		永安期货	5,678		2,752		
4		中信期货	4,513		-1,052		
5		光大期货	4,415		-1,309		
6		国泰君安	3,007		-1,961		
7		中辉期货	2,760		-4,372		
8		华泰期货	2,484		-1,079		
9		申银万国	2,220		-898		
10		方正中期	2,087		-1,211		
11		广发期货	1,736		-297		
12		弘业期货	1,730		127		
13		海通期货	1,705		-572		
14		兴证期货	1,551		-976		
15		徽商期货	1,547		-1,481		
16		国投安信	1,418		-1,261		
17		瑞达期货	1,413		469		
18		银河期货	1,361		-1,050		
19		东方财富	1,165		-1,394		
20		金瑞期货	1,062		-26		
总计				62,142		-27,167		

名次		会员简称	持买单量	增减		
1		永安期货	10,129		1,646		
2		中信期货	8,990		569		
3		东证期货	8,087		839		
4		国富期货	3,070		-157		
5		海通期货	3,041		7		
6		中辉期货	3,027		-165		
7		兴证期货	3,009		-159		
8		华泰期货	2,853		-170		
9		国泰君安	2,660		-234		
10		银河期货	2,618		169		
11		申银万国	2,198		804		
12		光大期货	1,982		616		
13		方正中期	1,948		-55		
14		格林大华	1,933		-72		
15		摩根大通	1,463		-10		
16		瑞达期货	1,409		19		
17		鲁证期货	1,402		158		
18		宏源期货	1,370		13		
19		东航期货	1,314		-38		
20		中信建投	1,234		-10		
总计				63,737		3,770		

名次		会员简称	持卖单量	增减		
1		永安期货	9,006		2,698		
2		东证期货	8,049		491		
3		中信期货	5,034		-668		
4		中国国际	4,813		-12		
5		中粮期货	4,131		-123		
6		银河期货	4,127		-56		
7		申银万国	3,997		764		
8		中辉期货	3,939		-465		
9		国投安信	3,211		-179		
10		国富期货	2,560		-131		
11		华泰期货	2,169		-326		
12		光大期货	1,945		613		
13		国联期货	1,879		-26		
14		国泰君安	1,824		-283		
15		中信建投	1,781		-56		
16		招商期货	1,627		-109		
17		英大期货	1,579		-44		
18		建信期货	1,362		16		
19		瑞达期货	1,236		590		
20		东海期货	1,123		-39		
总计				65,392		2,655		



会员类别	总成交量	增减		
期货公司会员	62,142		-27,167		

会员类别	总持买单量	增减		
期货公司会员	63,737		3,770		

会员类别	总持卖单量	增减		
期货公司会员	65,392		2,655		

