								大连商品交易所 成交量_买持仓_卖持仓排名	

合约代码：m2007		Date：2020-03-02	

			期货公司会员	

名次		会员简称	成交量		增减		
1		方正中期	39,843		12,384		
2		海通期货	22,792		10,296		
3		东证期货	17,654		1,265		
4		光大期货	7,645		2,529		
5		申银万国	7,380		6,225		
6		锦泰期货	5,875		1,996		
7		弘业期货	3,832		220		
8		西部期货	3,816		388		
9		新湖期货	3,639		-868		
10		国投安信	3,385		2,430		
11		迈科期货	3,326		1,811		
12		浙商期货	3,243		396		
13		招商期货	3,184		3,123		
14		国海良时	2,922		974		
15		鲁证期货	2,662		261		
16		宏源期货	2,658		1,142		
17		银河期货	2,647		2,295		
18		国信期货	1,906		645		
19		南华期货	1,862		-484		
20		中粮期货	1,466		-3,038		
总计				141,737		43,990		

名次		会员简称	持买单量	增减		
1		上海中期	12,442		622		
2		申银万国	7,562		0		
3		中粮期货	7,376		370		
4		弘业期货	7,173		-31		
5		海通期货	7,126		2,501		
6		新湖期货	7,082		19		
7		格林大华	6,522		-1		
8		鲁证期货	6,250		-1,144		
9		南华期货	5,855		-35		
10		国投安信	5,509		26		
11		方正中期	4,084		-1,006		
12		招商期货	3,116		3,035		
13		国海良时	2,287		1,278		
14		迈科期货	758		71		
15		浙商期货	564		39		
16		东证期货	490		-207		
17		国富期货	422		165		
18		北京首创	322		-2		
19		广发期货	283		-4		
20		福能期货	265		-6		
总计				85,488		5,690		

名次		会员简称	持卖单量	增减		
1		上海中期	12,407		637		
2		申银万国	7,534		18		
3		中粮期货	7,435		394		
4		海通期货	7,156		2,599		
5		新湖期货	7,058		-2		
6		弘业期货	7,052		-19		
7		格林大华	6,520		3		
8		鲁证期货	6,178		-1,140		
9		南华期货	5,786		69		
10		国投安信	5,348		23		
11		方正中期	4,055		-1,007		
12		国海良时	2,255		1,278		
13		国泰君安	2,027		-44		
14		兴证期货	1,104		-3		
15		中州期货	952		450		
16		中大期货	807		101		
17		中信期货	759		-34		
18		锦泰期货	587		464		
19		迈科期货	565		35		
20		浙商期货	520		-4		
总计				86,105		3,818		



会员类别	总成交量	增减		
期货公司会员	141,737		43,990		

会员类别	总持买单量	增减		
期货公司会员	85,488		5,690		

会员类别	总持卖单量	增减		
期货公司会员	86,105		3,818		

