								大连商品交易所 成交量_买持仓_卖持仓排名	

合约代码：m2009		Date：2020-02-14	

			期货公司会员	

名次		会员简称	成交量		增减		
1		东证期货	89,992		-30,136		
2		中粮期货	30,136		23,558		
3		国投安信	28,042		9,889		
4		海通期货	24,600		-12,818		
5		华泰期货	16,275		-8,475		
6		光大期货	15,829		-7,094		
7		华安期货	14,402		-3,481		
8		中信期货	14,111		-1,452		
9		广发期货	12,584		-785		
10		浙商期货	11,783		-6,010		
11		宏源期货	10,753		1,802		
12		永安期货	9,635		2,189		
13		招商期货	9,284		-181		
14		银河期货	9,032		-2		
15		鲁证期货	8,558		4,036		
16		中信建投	8,499		2,048		
17		安粮期货	8,473		3,819		
18		徽商期货	7,843		-3,182		
19		申银万国	7,526		-3,832		
20		海证期货	7,231		-1,029		
总计				344,588		-31,136		

名次		会员简称	持买单量	增减		
1		永安期货	52,250		960		
2		大地期货	42,263		-41		
3		浙商期货	42,114		-1,386		
4		广发期货	41,702		785		
5		一德期货	40,899		725		
6		宏源期货	38,026		2,035		
7		银河期货	35,739		2,197		
8		国投安信	35,110		2,516		
9		天风期货	32,674		326		
10		华泰期货	32,656		-1,658		
11		大越期货	27,711		290		
12		中信期货	24,657		3,280		
13		宝城期货	23,608		-123		
14		国泰君安	23,388		294		
15		华安期货	22,986		2,854		
16		新湖期货	21,328		-147		
17		方正中期	20,468		641		
18		鲁证期货	20,362		-3,468		
19		海通期货	19,539		-121		
20		五矿经易	18,758		32		
总计				616,238		9,991		

名次		会员简称	持卖单量	增减		
1		中粮期货	303,209		16,808		
2		国投安信	185,076		22,360		
3		摩根大通	101,186		1,553		
4		银河期货	69,146		-1,293		
5		中信期货	51,030		59		
6		国泰君安	40,130		-1,911		
7		一德期货	39,985		-510		
8		新湖期货	37,275		-2		
9		广发期货	36,837		9,155		
10		永安期货	35,333		-5,347		
11		平安期货	30,147		-39		
12		华泰期货	21,524		351		
13		英大期货	19,728		-14		
14		北京首创	17,359		-43		
15		五矿经易	14,968		-943		
16		格林大华	14,140		-24		
17		申银万国	11,092		-95		
18		海证期货	10,784		-270		
19		光大期货	9,263		-59		
20		南华期货	9,080		-150		
总计				1,057,292	39,586		



会员类别	总成交量	增减		
期货公司会员	344,588		-31,136		

会员类别	总持买单量	增减		
期货公司会员	616,238		9,991		

会员类别	总持卖单量	增减		
期货公司会员	1,057,292	39,586		

