								大连商品交易所 成交量_买持仓_卖持仓排名	

合约代码：v2005		Date：2020-02-19	

			期货公司会员	

名次		会员简称	成交量		增减		
1		东证期货	42,626		13,665		
2		兴证期货	12,359		1,863		
3		永安期货	7,324		3,617		
4		国泰君安	6,847		586		
5		中信期货	5,491		2,987		
6		国富期货	5,057		1,926		
7		申银万国	5,006		1,089		
8		方正中期	4,203		-699		
9		国信期货	3,669		2,066		
10		中辉期货	3,127		1,583		
11		中财期货	3,044		2,017		
12		海通期货	2,895		-3,695		
13		中大期货	2,637		-4,495		
14		徽商期货	2,615		-32		
15		宏源期货	2,510		1,396		
16		华金期货	2,506		401		
17		广发期货	2,287		167		
18		长江期货	2,273		1,330		
19		华泰期货	2,253		383		
20		光大期货	2,070		983		
总计				120,799		27,138		

名次		会员简称	持买单量	增减		
1		永安期货	55,165		-273		
2		浙商期货	11,690		-597		
3		国投安信	10,323		111		
4		东证期货	10,004		-1,060		
5		中信期货	8,639		-1,435		
6		中大期货	7,030		1,212		
7		银河期货	6,979		-148		
8		广发期货	4,172		-641		
9		中银国际	3,687		-15		
10		东海期货	2,599		480		
11		大地期货	2,584		236		
12		兴证期货	2,395		-145		
13		国海良时	2,302		143		
14		方正中期	2,300		-77		
15		中财期货	2,295		-171		
16		宏源期货	2,238		264		
17		国泰君安	2,230		240		
18		五矿经易	2,141		29		
19		中信建投	2,024		216		
20		新湖期货	1,974		85		
总计				142,771		-1,546		

名次		会员简称	持卖单量	增减		
1		东证期货	20,903		-190		
2		永安期货	14,356		-1,533		
3		国泰君安	12,002		937		
4		中财期货	7,111		-1,947		
5		海通期货	6,778		536		
6		中信期货	6,532		-766		
7		信达期货	6,506		-224		
8		申银万国	6,482		-34		
9		中信建投	5,763		175		
10		华泰期货	5,714		783		
11		一德期货	5,193		87		
12		长江期货	4,585		537		
13		建信期货	4,543		41		
14		方正中期	4,244		444		
15		国贸期货	4,044		-275		
16		大地期货	3,944		999		
17		广州期货	3,841		266		
18		国投安信	3,733		-182		
19		浙商期货	3,367		239		
20		兴证期货	3,237		10		
总计				132,878		-97		



会员类别	总成交量	增减		
期货公司会员	120,799		27,138		

会员类别	总持买单量	增减		
期货公司会员	142,771		-1,546		

会员类别	总持卖单量	增减		
期货公司会员	132,878		-97		

