								大连商品交易所 成交量_买持仓_卖持仓排名	

合约代码：b2005		Date：2020-03-02	

			期货公司会员	

名次		会员简称	成交量		增减		
1		华泰期货	26,859		-614		
2		海通期货	8,504		967		
3		国投安信	7,319		-3,135		
4		国富期货	6,438		973		
5		中信期货	6,056		1,896		
6		永安期货	4,027		-937		
7		渤海期货	3,830		-886		
8		方正中期	3,699		1,536		
9		光大期货	3,471		-1,296		
10		金瑞期货	3,423		-440		
11		东证期货	2,743		568		
12		国泰君安	2,663		-288		
13		南华期货	2,455		-1,431		
14		徽商期货	2,153		-10		
15		弘业期货	2,104		703		
16		华安期货	1,808		263		
17		申银万国	1,785		614		
18		上海中期	1,711		-288		
19		中辉期货	1,600		280		
20		国海良时	1,521		-254		
总计				94,169		-1,779		

名次		会员简称	持买单量	增减		
1		金瑞期货	7,430		1,306		
2		渤海期货	4,667		-287		
3		五矿经易	3,464		-162		
4		申银万国	2,777		-610		
5		海通期货	2,696		47		
6		方正中期	1,475		1,070		
7		国投安信	1,441		-38		
8		光大期货	1,437		14		
9		国海良时	1,212		300		
10		永安期货	1,189		693		
11		东证期货	1,186		-182		
12		德盛期货	1,025		92		
13		兴证期货	709		193		
14		福能期货	661		49		
15		信达期货	632		73		
16		徽商期货	628		-75		
17		迈科期货	604		-2		
18		国泰君安	603		71		
19		大地期货	560		3		
20		新晟期货	496		-88		
总计				34,892		2,467		

名次		会员简称	持卖单量	增减		
1		金瑞期货	7,300		1,141		
2		国投安信	4,976		175		
3		渤海期货	4,026		-375		
4		海通期货	3,620		-109		
5		五矿经易	3,460		-94		
6		摩根大通	2,831		100		
7		申银万国	1,606		-555		
8		永安期货	1,241		1,002		
9		南华期货	1,223		-606		
10		宏源期货	1,154		-67		
11		方正中期	1,153		949		
12		一德期货	1,131		716		
13		国海良时	1,130		557		
14		华安期货	1,110		30		
15		光大期货	1,106		-59		
16		中信期货	1,096		-155		
17		中天期货	742		-144		
18		银河期货	663		-87		
19		华泰期货	588		57		
20		北京首创	501		-320		
总计				40,657		2,156		



会员类别	总成交量	增减		
期货公司会员	94,169		-1,779		

会员类别	总持买单量	增减		
期货公司会员	34,892		2,467		

会员类别	总持卖单量	增减		
期货公司会员	40,657		2,156		

