								大连商品交易所 成交量_买持仓_卖持仓排名	

合约代码：p2005		Date：2020-02-03	

			期货公司会员	

名次		会员简称	成交量		增减		
1		五矿经易	26,334		8,641		
2		中粮期货	26,199		-10,617		
3		永安期货	17,283		-57,698		
4		广发期货	12,278		-49,273		
5		海通期货	11,389		-42,381		
6		国元期货	9,370		-7,428		
7		东证期货	8,238		-488,275	
8		宏源期货	7,515		-20,154		
9		国投安信	7,333		-24,504		
10		国泰君安	6,822		-176,039	
11		华安期货	5,834		-33,635		
12		安粮期货	5,460		-24,651		
13		浙商期货	4,935		-24,651		
14		中信期货	4,418		-90,679		
15		华泰期货	4,415		-32,028		
16		东航期货	3,556		-14,013		
17		银河期货	3,452		-41,219		
18		中国国际	3,437		-16,553		
19		北京首创	3,423		-5,889		
20		一德期货	2,684		-9,778		
总计				174,375		-1,160,824	

名次		会员简称	持买单量	增减		
1		中国国际	32,354		-1,908		
2		中粮期货	31,966		3,142		
3		永安期货	27,534		-12,476		
4		国投安信	25,083		-870		
5		国泰君安	17,879		-4,905		
6		银河期货	17,296		-176		
7		东证期货	15,166		-3,042		
8		申银万国	10,867		-53		
9		中信期货	9,884		-936		
10		浙商期货	9,174		-1,095		
11		宏源期货	8,702		-767		
12		建信期货	8,597		-433		
13		一德期货	7,728		-1,305		
14		国富期货	7,279		-165		
15		广发期货	7,256		-7,696		
16		信达期货	6,644		-103		
17		格林大华	6,631		-59		
18		摩根大通	6,466		0		
19		海通期货	5,825		-10,090		
20		兴证期货	4,570		-90		
总计				266,901		-43,027		

名次		会员简称	持卖单量	增减		
1		中粮期货	31,980		-14,857		
2		华闻期货	25,542		-145		
3		国投安信	23,290		-1,937		
4		中信期货	16,836		-2,634		
5		永安期货	16,473		-1,435		
6		华泰期货	12,890		-1,678		
7		银河期货	10,585		-1,144		
8		东证期货	9,370		-464		
9		浙商期货	8,130		-3,356		
10		申银万国	7,795		-682		
11		徽商期货	7,123		-1,362		
12		广发期货	7,074		210		
13		瑞达期货	7,035		-952		
14		方正中期	7,026		-1,400		
15		东方财富	6,784		-962		
16		摩根大通	6,584		0		
17		光大期货	6,205		-427		
18		华安期货	5,178		11		
19		南华期货	5,014		-878		
20		国泰君安	4,566		-1,127		
总计				225,480		-35,219		



会员类别	总成交量	增减		
期货公司会员	174,375		-1,160,824	

会员类别	总持买单量	增减		
期货公司会员	266,901		-43,027		

会员类别	总持卖单量	增减		
期货公司会员	225,480		-35,219		

