								大连商品交易所 成交量_买持仓_卖持仓排名	

合约代码：a2009		Date：2020-03-02	

			期货公司会员	

名次		会员简称	成交量		增减		
1		华泰期货	2,492		-565		
2		东证期货	2,215		-816		
3		中信期货	1,882		-132		
4		海通期货	1,628		-1,027		
5		徽商期货	1,493		-15		
6		国富期货	1,195		-321		
7		方正中期	919		-210		
8		华安期货	720		-746		
9		国泰君安	712		27		
10		宏源期货	700		2		
11		冠通期货	541		279		
12		光大期货	475		-208		
13		申银万国	474		-42		
14		锦泰期货	443		360		
15		鲁证期货	338		250		
16		南华期货	328		-227		
17		东航期货	309		14		
18		东吴期货	296		-244		
19		金瑞期货	285		129		
20		浙江新世纪	266		-461		
总计				17,711		-3,953		

名次		会员简称	持买单量	增减		
1		鲁证期货	2,505		137		
2		永安期货	2,289		124		
3		广州金控	1,489		-3		
4		大越期货	1,205		-8		
5		招金期货	1,037		-20		
6		申银万国	1,029		48		
7		中财期货	825		23		
8		海通期货	644		8		
9		东吴期货	604		58		
10		华安期货	598		-152		
11		浙商期货	595		-29		
12		国投安信	584		-2		
13		渤海期货	566		-104		
14		南华期货	510		113		
15		国泰君安	453		0		
16		中信建投	408		15		
17		格林大华	403		82		
18		英大期货	403		0		
19		海证期货	376		1		
20		德盛期货	360		4		
总计				16,883		295		

名次		会员简称	持卖单量	增减		
1		中信期货	7,581		65		
2		国泰君安	2,107		24		
3		首创京都	1,695		2		
4		北京首创	1,126		13		
5		徽商期货	1,056		445		
6		华安期货	1,015		52		
7		东吴期货	503		-32		
8		瑞达期货	400		-61		
9		中辉期货	315		6		
10		永安期货	311		-1		
11		中州期货	303		9		
12		宏源期货	276		-9		
13		广发期货	274		26		
14		方正中期	269		-18		
15		冠通期货	254		253		
16		南华期货	248		89		
17		中信建投	205		-17		
18		华创期货	202		2		
19		东航期货	202		19		
20		海通期货	197		20		
总计				18,539		887		



会员类别	总成交量	增减		
期货公司会员	17,711		-3,953		

会员类别	总持买单量	增减		
期货公司会员	16,883		295		

会员类别	总持卖单量	增减		
期货公司会员	18,539		887		

