								大连商品交易所 成交量_买持仓_卖持仓排名	

合约代码：pp2005		Date：2020-03-03	

			期货公司会员	

名次		会员简称	成交量		增减		
1		东证期货	124,184		-6,294		
2		中信期货	48,048		1,473		
3		国富期货	31,711		523		
4		海通期货	27,362		-5,766		
5		国泰君安	26,407		-641		
6		徽商期货	22,707		4,632		
7		华安期货	22,176		6,461		
8		华泰期货	20,529		594		
9		南华期货	20,339		3,123		
10		方正中期	17,957		380		
11		永安期货	16,004		-3,914		
12		申银万国	12,376		-895		
13		华西期货	11,797		1,226		
14		美尔雅期货	11,532		-714		
15		浙商期货	10,513		2,619		
16		银河期货	10,352		560		
17		光大期货	10,176		259		
18		东吴期货	9,616		909		
19		广发期货	9,332		-148		
20		宏源期货	9,312		1,261		
总计				472,430		5,648		

名次		会员简称	持买单量	增减		
1		永安期货	29,991		-418		
2		方正中期	16,792		174		
3		中信期货	13,327		231		
4		国投安信	12,503		957		
5		中信建投	11,024		-287		
6		弘业期货	10,127		-1,092		
7		南华期货	9,705		-14		
8		新湖期货	8,906		111		
9		银河期货	8,543		280		
10		瑞达期货	8,241		147		
11		建信期货	8,226		-455		
12		申银万国	8,062		83		
13		国泰君安	7,655		-733		
14		华泰期货	6,685		536		
15		广发期货	6,321		-3,510		
16		东证期货	6,051		-329		
17		浙商期货	6,039		-1,957		
18		国贸期货	5,955		-112		
19		东海期货	5,617		109		
20		上海中期	5,599		220		
总计				195,369		-6,059		

名次		会员简称	持卖单量	增减		
1		永安期货	29,536		1,544		
2		申银万国	29,266		345		
3		银河期货	14,727		508		
4		浙商期货	14,399		308		
5		国泰君安	12,032		-514		
6		华泰期货	11,470		-877		
7		南华期货	11,256		-845		
8		中信期货	10,231		-907		
9		中银国际	9,972		-1,453		
10		中大期货	8,811		-48		
11		瑞达期货	7,930		-277		
12		东证期货	7,784		-209		
13		方正中期	7,222		579		
14		中财期货	6,179		26		
15		浙江新世纪	5,588		1,016		
16		宝城期货	5,532		-195		
17		倍特期货	5,489		-1,616		
18		国富期货	5,349		215		
19		光大期货	5,027		746		
20		中信建投	4,934		-120		
总计				212,734		-1,774		



会员类别	总成交量	增减		
期货公司会员	472,430		5,648		

会员类别	总持买单量	增减		
期货公司会员	195,369		-6,059		

会员类别	总持卖单量	增减		
期货公司会员	212,734		-1,774		

