								大连商品交易所 成交量_买持仓_卖持仓排名	

合约代码：i2009		Date：2020-03-03	

			期货公司会员	

名次		会员简称	成交量		增减		
1		东证期货	52,250		-17,110		
2		国泰君安	43,422		26,045		
3		中信期货	13,731		-4,939		
4		光大期货	12,825		-9,500		
5		永安期货	11,475		2,083		
6		申银万国	9,749		-3,274		
7		东海期货	7,100		-8,709		
8		海通期货	6,785		-3,297		
9		浙商期货	6,341		-2,945		
10		华泰期货	6,103		-1,532		
11		五矿经易	5,079		1,670		
12		徽商期货	4,974		-953		
13		方正中期	4,586		-6,389		
14		国联期货	4,468		1,874		
15		东吴期货	4,403		609		
16		银河期货	4,337		-1,005		
17		国富期货	4,013		859		
18		安粮期货	3,909		-1,334		
19		中辉期货	3,675		671		
20		中财期货	3,476		-1,839		
总计				212,701		-29,015		

名次		会员简称	持买单量	增减		
1		申银万国	31,656		-527		
2		银河期货	21,423		-442		
3		东海期货	17,187		2,711		
4		华泰期货	15,754		132		
5		海证期货	13,654		-635		
6		浙商期货	13,470		563		
7		永安期货	12,993		1,449		
8		国泰君安	11,471		-229		
9		鲁证期货	10,393		-7		
10		五矿经易	9,578		2,882		
11		一德期货	9,475		-110		
12		广发期货	8,847		33		
13		道通期货	7,006		2		
14		东兴期货	6,644		175		
15		中信期货	6,632		322		
16		弘业期货	5,674		-42		
17		天风期货	5,264		965		
18		大地期货	5,103		-16		
19		海通期货	5,008		310		
20		国投安信	3,857		-89		
总计				221,089		7,447		

名次		会员简称	持卖单量	增减		
1		永安期货	26,954		438		
2		兴证期货	17,264		118		
3		方正中期	15,313		229		
4		国泰君安	15,209		2,385		
5		东海期货	13,771		487		
6		申银万国	11,725		328		
7		乾坤期货	11,554		1,000		
8		中信期货	10,311		375		
9		五矿经易	9,311		-71		
10		一德期货	8,993		432		
11		浙商期货	8,334		590		
12		江苏东华	7,513		1		
13		北京首创	6,109		2,144		
14		国贸期货	6,033		185		
15		宝城期货	5,932		-48		
16		海通期货	5,822		496		
17		银河期货	5,339		-769		
18		东证期货	5,220		771		
19		华泰期货	4,654		-267		
20		国富期货	4,569		50		
总计				199,930		8,874		



会员类别	总成交量	增减		
期货公司会员	212,701		-29,015		

会员类别	总持买单量	增减		
期货公司会员	221,089		7,447		

会员类别	总持卖单量	增减		
期货公司会员	199,930		8,874		

