								大连商品交易所 成交量_买持仓_卖持仓排名	

合约代码：a2005		Date：2020-03-03	

			期货公司会员	

名次		会员简称	成交量		增减		
1		华泰期货	18,720		-9,035		
2		中信期货	14,958		-5,419		
3		东证期货	14,455		-7,488		
4		华安期货	9,294		-3,137		
5		国泰君安	7,879		-7,195		
6		国富期货	7,484		-282		
7		徽商期货	7,278		-4,777		
8		华信期货	6,437		127		
9		海通期货	5,979		-5,722		
10		方正中期	5,191		-5,987		
11		兴证期货	4,501		-543		
12		北京首创	4,418		1,779		
13		东方财富	4,051		-4,643		
14		宏源期货	3,899		-2,893		
15		永安期货	3,586		98		
16		申银万国	2,979		-2,790		
17		鲁证期货	2,543		-2,525		
18		南华期货	2,398		-714		
19		中辉期货	2,356		-2,237		
20		金瑞期货	2,321		-1,416		
总计				130,727		-64,799		

名次		会员简称	持买单量	增减		
1		浙商期货	11,610		227		
2		国投安信	9,251		-75		
3		中信期货	8,292		-278		
4		鲁证期货	7,734		-161		
5		永安期货	7,676		-661		
6		国泰君安	4,098		1,159		
7		北京首创	3,551		-242		
8		东证期货	3,542		139		
9		兴证期货	3,316		174		
10		一德期货	2,851		-101		
11		方正中期	2,619		203		
12		广发期货	2,490		23		
13		中信建投	2,430		106		
14		华泰期货	2,323		-109		
15		中财期货	2,309		77		
16		银河期货	2,090		-20		
17		海通期货	2,087		-778		
18		东吴期货	1,853		-16		
19		申银万国	1,771		208		
20		国联期货	1,747		277		
总计				83,640		152		

名次		会员简称	持卖单量	增减		
1		东证期货	6,011		356		
2		中信期货	5,224		458		
3		光大期货	5,071		-25		
4		国投安信	4,895		21		
5		中国国际	4,867		-29		
6		五矿经易	4,076		-2		
7		永安期货	3,837		-477		
8		广州金控	3,626		-56		
9		华安期货	3,620		-18		
10		徽商期货	3,218		-39		
11		南华期货	3,057		53		
12		渤海期货	2,777		-17		
13		银河期货	2,639		-152		
14		宏源期货	2,267		144		
15		招商期货	2,243		113		
16		东方财富	2,222		5		
17		中信建投	2,083		-181		
18		申银万国	1,934		109		
19		浙商期货	1,803		41		
20		鲁证期货	1,745		136		
总计				67,215		440		



会员类别	总成交量	增减		
期货公司会员	130,727		-64,799		

会员类别	总持买单量	增减		
期货公司会员	83,640		152		

会员类别	总持卖单量	增减		
期货公司会员	67,215		440		

