								大连商品交易所 成交量_买持仓_卖持仓排名	

合约代码：c2005		Date：2020-02-19	

			期货公司会员	

名次		会员简称	成交量		增减		
1		东证期货	108,535		-5,041		
2		国泰君安	67,653		-20,751		
3		中财期货	39,028		30,716		
4		天风期货	31,415		-18,709		
5		中信期货	28,831		-1,570		
6		国富期货	14,656		-29		
7		永安期货	13,153		-1,503		
8		光大期货	11,489		-4,036		
9		华泰期货	9,964		-7,221		
10		银河期货	9,709		-7,707		
11		申银万国	8,142		-3,342		
12		国信期货	7,984		-3,371		
13		金元期货	7,867		3,325		
14		华安期货	7,448		-1,069		
15		国投安信	6,963		-5,080		
16		招商期货	6,840		-314		
17		新湖期货	6,795		688		
18		海通期货	6,788		-4,700		
19		浙商期货	5,567		-714		
20		徽商期货	5,545		-3,512		
总计				404,372		-53,940		

名次		会员简称	持买单量	增减		
1		永安期货	151,244		-3,429		
2		中财期货	37,288		35,042		
3		东证期货	26,609		-2,508		
4		中信期货	21,682		-547		
5		五矿经易	19,340		-102		
6		国投安信	17,517		-25		
7		建信期货	16,017		-632		
8		中粮期货	14,816		-1,308		
9		海通期货	12,389		244		
10		新湖期货	10,676		-82		
11		光大期货	10,456		871		
12		广发期货	8,989		750		
13		国泰君安	8,541		345		
14		中信建投	8,235		-76		
15		银河期货	8,190		-1,009		
16		华泰期货	8,056		77		
17		方正中期	8,028		-1,177		
18		广州金控	6,723		-283		
19		徽商期货	6,720		-473		
20		国贸期货	6,518		96		
总计				408,034		25,774		

名次		会员简称	持卖单量	增减		
1		中信期货	113,202		16,653		
2		中粮期货	46,053		153		
3		永安期货	39,380		-280		
4		国投安信	31,215		3,510		
5		东证期货	30,153		-9,009		
6		兴业期货	24,545		22		
7		华泰期货	17,806		-4,451		
8		银河期货	16,172		3,930		
9		中国国际	14,254		-811		
10		光大期货	13,403		1,770		
11		摩根大通	11,973		176		
12		金瑞期货	11,551		1,162		
13		中辉期货	10,233		380		
14		大有期货	10,104		26		
15		兴证期货	9,879		42		
16		国贸期货	9,862		338		
17		新湖期货	7,954		-493		
18		东海期货	7,596		1,678		
19		国泰君安	6,919		776		
20		北京首创	6,750		-338		
总计				439,004		15,234		



会员类别	总成交量	增减		
期货公司会员	404,372		-53,940		

会员类别	总持买单量	增减		
期货公司会员	408,034		25,774		

会员类别	总持卖单量	增减		
期货公司会员	439,004		15,234		

