								大连商品交易所 成交量_买持仓_卖持仓排名	

合约代码：jd2004		Date：2020-03-02	

			期货公司会员	

名次		会员简称	成交量		增减		
1		东证期货	52,208		37,196		
2		徽商期货	18,530		-1,560		
3		海通期货	15,086		-5,325		
4		东方财富	13,891		-5,915		
5		广发期货	13,119		6,152		
6		中信期货	11,948		-2,574		
7		方正中期	10,527		-5,801		
8		中信建投	9,453		-7,537		
9		华安期货	9,243		-911		
10		宏源期货	8,592		912		
11		华泰期货	7,921		-2,975		
12		东吴期货	6,654		-4,424		
13		国富期货	5,907		-511		
14		申银万国	5,403		-3,360		
15		安粮期货	4,790		-301		
16		国泰君安	4,635		-2,266		
17		中辉期货	4,438		-237		
18		银河期货	4,423		-266		
19		永安期货	4,318		-1,298		
20		平安期货	3,825		-2,246		
总计				214,911		-3,247		

名次		会员简称	持买单量	增减		
1		国泰君安	2,092		629		
2		徽商期货	1,765		174		
3		宏源期货	1,523		586		
4		方正中期	1,449		-203		
5		华安期货	1,211		218		
6		中信期货	1,046		-90		
7		瑞达期货	902		387		
8		永安期货	872		-77		
9		东方财富	815		-584		
10		先锋期货	762		486		
11		中信建投	655		-20		
12		上海大陆	640		190		
13		东证期货	614		-85		
14		广发期货	604		8		
15		银河期货	566		-207		
16		鲁证期货	547		-45		
17		中国国际	532		186		
18		福能期货	515		329		
19		中辉期货	511		261		
20		申银万国	505		-242		
总计				18,126		1,901		

名次		会员简称	持卖单量	增减		
1		永安期货	2,318		477		
2		宝城期货	2,236		1,496		
3		方正中期	1,830		-394		
4		汇鑫期货	1,740		373		
5		中辉期货	1,522		1,183		
6		东方财富	1,222		569		
7		浙商期货	1,157		454		
8		华泰期货	1,039		-554		
9		宏源期货	1,030		18		
10		徽商期货	942		-476		
11		英大期货	930		-19		
12		银河期货	883		204		
13		南华期货	702		133		
14		光大期货	691		401		
15		中信期货	679		8		
16		东证期货	650		115		
17		中信建投	552		-51		
18		东海期货	531		292		
19		美尔雅期货	528		-238		
20		华安期货	520		19		
总计				21,702		4,010		



会员类别	总成交量	增减		
期货公司会员	214,911		-3,247		

会员类别	总持买单量	增减		
期货公司会员	18,126		1,901		

会员类别	总持卖单量	增减		
期货公司会员	21,702		4,010		

