								大连商品交易所 成交量_买持仓_卖持仓排名	

合约代码：j2009		Date：2020-03-03	

			期货公司会员	

名次		会员简称	成交量		增减		
1		东证期货	4,257		-704		
2		光大期货	1,401		-747		
3		浙商期货	1,112		-29		
4		国泰君安	1,101		558		
5		华泰期货	1,067		56		
6		海通期货	782		-144		
7		金瑞期货	699		290		
8		国富期货	664		-468		
9		银河期货	616		40		
10		申银万国	581		-90		
11		方正中期	554		-306		
12		鲁证期货	472		292		
13		深圳金汇	422		281		
14		东海期货	402		-560		
15		一德期货	371		-877		
16		中信期货	362		-244		
17		徽商期货	357		-278		
18		宏源期货	350		-66		
19		安粮期货	337		-57		
20		华安期货	324		-236		
总计				16,231		-3,289		

名次		会员简称	持买单量	增减		
1		华泰期货	3,195		-8		
2		大地期货	1,988		151		
3		东海期货	1,958		18		
4		天风期货	1,762		6		
5		徽商期货	1,295		18		
6		五矿经易	1,183		5		
7		东证期货	1,022		-358		
8		银河期货	1,013		-136		
9		一德期货	999		41		
10		永安期货	986		-9		
11		中辉期货	862		-2		
12		宝城期货	747		0		
13		光大期货	567		-169		
14		金瑞期货	561		305		
15		国泰君安	549		2		
16		冠通期货	532		0		
17		平安期货	511		-145		
18		弘业期货	505		89		
19		上海中期	485		20		
20		宏源期货	473		69		
总计				21,193		-103		

名次		会员简称	持卖单量	增减		
1		浙商期货	3,552		384		
2		永安期货	1,825		17		
3		东证期货	1,793		-67		
4		华泰期货	1,707		-355		
5		招金期货	1,527		42		
6		冠通期货	1,207		-1		
7		五矿经易	1,159		6		
8		东海期货	1,127		6		
9		一德期货	921		-2		
10		国富期货	921		-164		
11		国泰君安	618		-21		
12		中信期货	585		88		
13		海通期货	533		92		
14		中辉期货	530		14		
15		海证期货	506		4		
16		格林大华	499		-36		
17		鲁证期货	472		230		
18		光大期货	413		-166		
19		大地期货	385		0		
20		银河期货	378		-30		
总计				20,658		41		



会员类别	总成交量	增减		
期货公司会员	16,231		-3,289		

会员类别	总持买单量	增减		
期货公司会员	21,193		-103		

会员类别	总持卖单量	增减		
期货公司会员	20,658		41		

