								大连商品交易所 成交量_买持仓_卖持仓排名	

合约代码：jd2005		Date：2020-03-03	

			期货公司会员	

名次		会员简称	成交量		增减		
1		东证期货	134,833		-12,513		
2		徽商期货	63,758		-10,423		
3		东方财富	54,179		6,711		
4		中信期货	52,789		-4,361		
5		华泰期货	45,963		-8,829		
6		华安期货	43,695		237		
7		国富期货	39,954		-8,902		
8		方正中期	38,458		-5,412		
9		银河期货	37,074		-6,832		
10		国泰君安	36,010		-7,720		
11		海通期货	35,009		-3,215		
12		广发期货	31,108		-4,677		
13		东吴期货	30,712		-10,963		
14		中信建投	30,024		-5,409		
15		申银万国	28,129		1,686		
16		宏源期货	26,727		-3,805		
17		山西三立	26,498		-3,296		
18		兴证期货	19,731		-4,328		
19		永安期货	18,879		-4,492		
20		安粮期货	16,604		-3,192		
总计				810,134		-99,735		

名次		会员简称	持买单量	增减		
1		方正中期	8,483		718		
2		徽商期货	8,375		1,461		
3		中信期货	7,632		-610		
4		永安期货	5,951		-449		
5		国泰君安	5,650		-347		
6		东方财富	5,624		-486		
7		华安期货	5,576		872		
8		华泰期货	5,348		-3		
9		中信建投	4,746		434		
10		银河期货	4,350		308		
11		新纪元期货	4,314		296		
12		广发期货	4,296		-502		
13		申银万国	4,194		575		
14		长江期货	4,179		402		
15		南华期货	4,141		-401		
16		山西三立	3,667		623		
17		鲁证期货	3,644		91		
18		宏源期货	3,564		-88		
19		兴证期货	3,482		-348		
20		东证期货	3,466		-456		
总计				100,682		2,090		

名次		会员简称	持卖单量	增减		
1		永安期货	11,552		1,230		
2		方正中期	8,730		504		
3		中信期货	7,791		147		
4		徽商期货	7,405		-1,137		
5		浙商期货	6,613		2,424		
6		宏源期货	6,594		277		
7		华安期货	6,518		465		
8		华泰期货	5,379		-408		
9		中信建投	5,201		-8		
10		银河期货	5,016		-62		
11		格林大华	4,732		356		
12		中辉期货	4,578		-265		
13		长江期货	4,474		-56		
14		国泰君安	4,418		681		
15		一德期货	4,331		772		
16		广发期货	4,325		-486		
17		东证期货	4,243		-667		
18		海通期货	4,145		1,787		
19		宝城期货	4,024		1,002		
20		东方财富	3,904		111		
总计				113,973		6,667		



会员类别	总成交量	增减		
期货公司会员	810,134		-99,735		

会员类别	总持买单量	增减		
期货公司会员	100,682		2,090		

会员类别	总持卖单量	增减		
期货公司会员	113,973		6,667		

