								大连商品交易所 成交量_买持仓_卖持仓排名	

合约代码：c2009		Date：2020-02-14	

			期货公司会员	

名次		会员简称	成交量		增减		
1		东证期货	15,209		4,043		
2		永安期货	7,778		1,491		
3		徽商期货	7,719		-3,746		
4		浙商期货	7,365		4,856		
5		广州金控	7,109		4,331		
6		中信期货	6,067		1,482		
7		中粮期货	5,970		4,990		
8		中信建投	5,306		1,491		
9		华泰期货	4,244		2,721		
10		海通期货	4,176		2,671		
11		光大期货	3,548		709		
12		国投安信	3,362		1,183		
13		长安期货	2,790		2,516		
14		华闻期货	2,418		1,170		
15		东航期货	2,254		1,775		
16		东海期货	2,233		146		
17		金瑞期货	2,231		1,526		
18		海证期货	2,205		325		
19		华安期货	2,197		228		
20		福能期货	1,508		1,215		
总计				95,689		35,123		

名次		会员简称	持买单量	增减		
1		光大期货	22,808		9		
2		中信期货	14,180		-237		
3		国泰君安	12,022		27		
4		中信建投	10,193		-1,828		
5		永安期货	9,444		427		
6		国投安信	9,242		1,099		
7		中原期货	7,894		-899		
8		华泰期货	7,747		178		
9		摩根大通	5,793		-201		
10		招金期货	5,392		302		
11		民生期货	5,091		-101		
12		中粮期货	4,824		155		
13		东证期货	4,763		704		
14		海通期货	4,657		1,455		
15		南华期货	4,189		110		
16		华安期货	4,062		949		
17		新湖期货	4,051		-259		
18		倍特期货	3,993		-145		
19		徽商期货	3,674		-1,157		
20		鲁证期货	3,320		168		
总计				147,339		756		

名次		会员简称	持卖单量	增减		
1		中粮期货	36,197		5,199		
2		永安期货	20,741		-4,291		
3		金瑞期货	20,030		-1		
4		国投安信	18,140		-255		
5		中辉期货	15,568		-16		
6		北京首创	11,556		85		
7		光大期货	11,477		-973		
8		中信期货	10,809		1,454		
9		浙商期货	7,652		-6,360		
10		银河期货	6,870		415		
11		华安期货	6,004		-104		
12		国泰君安	5,983		57		
13		兴证期货	4,989		48		
14		中州期货	4,043		1		
15		南华期货	3,772		204		
16		冠通期货	3,213		205		
17		海通期货	2,449		805		
18		申银万国	2,249		0		
19		华信期货	2,143		1,100		
20		大有期货	2,061		20		
总计				195,946		-2,407		



会员类别	总成交量	增减		
期货公司会员	95,689		35,123		

会员类别	总持买单量	增减		
期货公司会员	147,339		756		

会员类别	总持卖单量	增减		
期货公司会员	195,946		-2,407		

