								大连商品交易所 成交量_买持仓_卖持仓排名	

合约代码：jd2007		Date：2020-02-14	

			期货公司会员	

名次		会员简称	成交量		增减		
1		东证期货	4,809		-2,734		
2		方正中期	3,369		-296		
3		徽商期货	2,986		566		
4		东方财富	1,936		-858		
5		宏源期货	1,705		203		
6		华创期货	1,667		1,543		
7		光大期货	1,333		-114		
8		中信建投	1,305		-840		
9		华安期货	1,191		-1,062		
10		华闻期货	1,022		203		
11		华泰期货	912		-31		
12		海通期货	876		-497		
13		中辉期货	839		-68		
14		平安期货	806		336		
15		先锋期货	802		287		
16		中衍期货	778		574		
17		永安期货	764		-512		
18		国信期货	752		-135		
19		国投安信	729		62		
20		西部期货	702		-435		
总计				29,283		-3,808		

名次		会员简称	持买单量	增减		
1		银河期货	1,943		-98		
2		中信期货	1,099		67		
3		中信建投	737		6		
4		安粮期货	564		102		
5		国泰君安	557		-78		
6		国海良时	551		27		
7		徽商期货	542		13		
8		永安期货	449		-40		
9		方正中期	448		28		
10		华泰期货	368		35		
11		广发期货	364		-157		
12		东方财富	337		-5		
13		东航期货	330		21		
14		华安期货	314		141		
15		中银国际	313		-3		
16		光大期货	282		-243		
17		东证期货	237		45		
18		浙商期货	234		50		
19		平安期货	228		6		
20		美尔雅期货	225		18		
总计				10,122		-65		

名次		会员简称	持卖单量	增减		
1		华泰期货	1,584		295		
2		方正中期	1,168		-165		
3		宏源期货	1,098		-22		
4		徽商期货	893		133		
5		华安期货	816		24		
6		国泰君安	683		19		
7		东方财富	627		173		
8		平安期货	509		6		
9		光大期货	500		14		
10		天风期货	495		11		
11		中信建投	428		-21		
12		格林大华	428		41		
13		浙商期货	384		-34		
14		先锋期货	368		18		
15		海通期货	339		0		
16		长江期货	329		63		
17		新湖期货	307		15		
18		国贸期货	301		60		
19		汇鑫期货	273		17		
20		宝城期货	260		-196		
总计				11,790		451		



会员类别	总成交量	增减		
期货公司会员	29,283		-3,808		

会员类别	总持买单量	增减		
期货公司会员	10,122		-65		

会员类别	总持卖单量	增减		
期货公司会员	11,790		451		

