								大连商品交易所 成交量_买持仓_卖持仓排名	

合约代码：p2005		Date：2020-02-14	

			期货公司会员	

名次		会员简称	成交量		增减		
1		东证期货	456,707		-20,784		
2		国泰君安	173,603		-12,068		
3		国信期货	140,375		15,140		
4		申银万国	115,002		-11,569		
5		国富期货	110,920		-10,017		
6		光大期货	92,284		-29,509		
7		徽商期货	71,151		8,556		
8		华闻期货	70,012		-16,048		
9		银河期货	69,629		-882		
10		兴证期货	69,312		-56,945		
11		东方财富	67,800		2,224		
12		海通期货	54,897		-2,487		
13		华安期货	53,773		1,871		
14		中信期货	52,695		-2,353		
15		广发期货	50,841		-22,124		
16		金瑞期货	48,534		17,686		
17		永安期货	42,724		4,921		
18		方正中期	41,678		-373		
19		招商期货	39,689		6,161		
20		安粮期货	37,895		-16,754		
总计				1,859,521	-145,354	

名次		会员简称	持买单量	增减		
1		银河期货	30,607		2,923		
2		永安期货	26,412		3,201		
3		中粮期货	23,829		1,292		
4		国泰君安	17,663		138		
5		中国国际	17,409		-3,030		
6		东证期货	16,314		-4,993		
7		宏源期货	13,728		-767		
8		国投安信	13,135		539		
9		中信期货	12,587		683		
10		申银万国	12,261		3,365		
11		国富期货	11,812		1,964		
12		浙商期货	10,718		1,163		
13		一德期货	8,794		1,355		
14		安粮期货	8,474		1,824		
15		广发期货	7,796		-1,920		
16		信达期货	7,672		90		
17		格林大华	7,350		310		
18		方正中期	5,910		714		
19		摩根大通	5,897		0		
20		东方财富	5,790		918		
总计				264,158		9,769		

名次		会员简称	持卖单量	增减		
1		中粮期货	37,381		4,315		
2		鲁证期货	25,626		303		
3		华闻期货	22,186		-1,445		
4		中信期货	21,390		-422		
5		国投安信	20,753		-450		
6		银河期货	17,226		3,074		
7		东证期货	14,180		1,798		
8		华泰期货	12,835		-25		
9		海通期货	12,409		-1,273		
10		国富期货	11,474		4,720		
11		浙商期货	10,904		272		
12		永安期货	10,893		635		
13		申银万国	9,783		1,573		
14		华安期货	7,956		1,217		
15		光大期货	7,549		1,071		
16		一德期货	7,041		3,364		
17		国泰君安	6,547		931		
18		广发期货	6,461		307		
19		摩根大通	6,334		210		
20		徽商期货	6,134		329		
总计				275,062		20,504		



会员类别	总成交量	增减		
期货公司会员	1,859,521	-145,354	

会员类别	总持买单量	增减		
期货公司会员	264,158		9,769		

会员类别	总持卖单量	增减		
期货公司会员	275,062		20,504		

