								大连商品交易所 成交量_买持仓_卖持仓排名	

合约代码：p2005		Date：2020-03-03	

			期货公司会员	

名次		会员简称	成交量		增减		
1		东证期货	611,180		122,937		
2		国泰君安	162,498		43,853		
3		申银万国	119,289		40,341		
4		光大期货	90,595		41,273		
5		兴证期货	90,031		19,454		
6		中信期货	60,489		557		
7		国富期货	59,563		-306		
8		华闻期货	55,645		24,494		
9		海通期货	55,473		2,770		
10		徽商期货	49,961		18,464		
11		国信期货	47,058		31,131		
12		东方财富	45,858		15,181		
13		华安期货	43,850		15,001		
14		方正中期	41,992		16,690		
15		银河期货	39,595		11,265		
16		华泰期货	36,032		2,388		
17		中辉期货	31,372		21,522		
18		永安期货	30,451		4,307		
19		浙商期货	25,808		8,774		
20		上海大陆	24,948		12,038		
总计				1,721,688	452,134		

名次		会员简称	持买单量	增减		
1		东证期货	32,222		14,759		
2		申银万国	24,340		373		
3		永安期货	20,792		4,661		
4		中信期货	18,100		-157		
5		银河期货	17,916		188		
6		中粮期货	14,865		-3,732		
7		一德期货	11,457		2,287		
8		国富期货	10,989		-2,072		
9		五矿经易	10,488		-1,296		
10		方正中期	10,449		4,008		
11		浙商期货	9,502		-848		
12		光大期货	7,830		1,193		
13		国泰君安	7,540		384		
14		东方财富	7,236		1,914		
15		徽商期货	6,584		1,648		
16		国投安信	6,369		689		
17		华泰期货	6,341		179		
18		海通期货	5,742		-164		
19		中信建投	5,581		1,335		
20		华安期货	5,323		1,406		
总计				239,666		26,755		

名次		会员简称	持卖单量	增减		
1		中粮期货	27,112		493		
2		国投安信	22,538		133		
3		银河期货	18,800		-53		
4		国富期货	18,223		585		
5		中信期货	15,573		1,352		
6		永安期货	14,590		240		
7		一德期货	14,075		2,102		
8		东证期货	12,575		2,085		
9		华泰期货	12,182		1,009		
10		海通期货	11,816		6,953		
11		华安期货	10,283		1,132		
12		申银万国	9,824		1,430		
13		安粮期货	8,259		2,463		
14		建信期货	7,361		-2,076		
15		北京首创	7,276		5,029		
16		弘业期货	7,026		502		
17		英大期货	6,818		3,125		
18		兴证期货	5,948		2,991		
19		鲁证期货	5,786		-144		
20		平安期货	5,459		1,743		
总计				241,524		31,094		



会员类别	总成交量	增减		
期货公司会员	1,721,688	452,134		

会员类别	总持买单量	增减		
期货公司会员	239,666		26,755		

会员类别	总持卖单量	增减		
期货公司会员	241,524		31,094		

