								大连商品交易所 成交量_买持仓_卖持仓排名	

合约代码：j2009		Date：2020-03-13	

			期货公司会员	

名次		会员简称	成交量		增减		
1		东证期货	8,450		4,041		
2		光大期货	2,786		641		
3		国富期货	1,896		939		
4		徽商期货	1,869		1,151		
5		华泰期货	1,417		870		
6		国泰君安	1,403		672		
7		永安期货	1,253		348		
8		方正中期	1,247		216		
9		瑞达期货	1,084		839		
10		招商期货	1,017		650		
11		安粮期货	993		285		
12		浙商期货	918		-269		
13		中信期货	899		458		
14		国信期货	854		528		
15		海通期货	825		609		
16		中信建投	792		297		
17		中财期货	777		530		
18		宏源期货	736		243		
19		申银万国	722		109		
20		东海期货	717		390		
总计				30,655		13,547		

名次		会员简称	持买单量	增减		
1		华泰期货	3,011		111		
2		东证期货	2,940		1,381		
3		天风期货	2,585		1		
4		五矿经易	2,225		-40		
5		东海期货	2,214		25		
6		大地期货	1,877		-150		
7		永安期货	1,181		-19		
8		金瑞期货	980		44		
9		一德期货	908		-35		
10		国富期货	747		286		
11		中辉期货	716		0		
12		光大期货	656		-534		
13		上海中期	624		9		
14		国泰君安	551		14		
15		银河期货	518		-117		
16		冠通期货	499		0		
17		弘业期货	427		20		
18		中原期货	404		194		
19		中信期货	381		83		
20		中州期货	380		84		
总计				23,824		1,357		

名次		会员简称	持卖单量	增减		
1		东证期货	3,696		1,511		
2		浙商期货	2,147		-475		
3		永安期货	2,013		-210		
4		华泰期货	1,727		-58		
5		五矿经易	1,220		-14		
6		冠通期货	1,174		0		
7		国富期货	1,056		84		
8		上海中期	1,014		135		
9		中信期货	885		56		
10		东海期货	840		-134		
11		大地期货	724		162		
12		招商期货	617		373		
13		国海良时	605		17		
14		中辉期货	599		14		
15		国泰君安	583		-625		
16		格林大华	537		-9		
17		鲁证期货	519		-66		
18		银河期货	511		46		
19		光大期货	489		-654		
20		中原期货	408		201		
总计				21,364		354		



会员类别	总成交量	增减		
期货公司会员	30,655		13,547		

会员类别	总持买单量	增减		
期货公司会员	23,824		1,357		

会员类别	总持卖单量	增减		
期货公司会员	21,364		354		

