								大连商品交易所 成交量_买持仓_卖持仓排名	

合约代码：jm2005		Date：2020-03-03	

			期货公司会员	

名次		会员简称	成交量		增减		
1		东证期货	21,654		-4,295		
2		国富期货	7,337		-5,958		
3		中辉期货	5,956		257		
4		光大期货	4,292		-3,455		
5		中信期货	4,189		-3,033		
6		兴证期货	3,229		-1,764		
7		海通期货	2,898		-1,471		
8		国泰君安	2,436		-1,178		
9		永安期货	2,318		-3,659		
10		方正中期	2,265		-1,665		
11		华泰期货	2,078		-1,148		
12		申银万国	2,030		-2,919		
13		国投安信	1,643		-1,555		
14		华安期货	1,626		-784		
15		银河期货	1,538		-2,867		
16		广发期货	1,314		-310		
17		中粮期货	1,252		-703		
18		华闻期货	1,241		-399		
19		徽商期货	1,207		-1,178		
20		宏源期货	1,206		-510		
总计				71,709		-38,594		

名次		会员简称	持买单量	增减		
1		永安期货	17,050		151		
2		东证期货	10,164		-1,763		
3		中信期货	7,927		-618		
4		中辉期货	4,090		-75		
5		华泰期货	2,892		100		
6		摩根大通	2,738		-70		
7		兴证期货	2,590		396		
8		安粮期货	2,397		334		
9		国联期货	2,377		723		
10		国富期货	2,332		-1,200		
11		银河期货	2,083		321		
12		国泰君安	2,023		-156		
13		招金期货	1,993		-390		
14		申银万国	1,823		-42		
15		一德期货	1,801		-34		
16		海通期货	1,678		-1,397		
17		瑞达期货	1,658		-121		
18		鲁证期货	1,583		-664		
19		南华期货	1,555		-89		
20		西部期货	1,525		248		
总计				72,279		-4,346		

名次		会员简称	持卖单量	增减		
1		东证期货	12,259		-1,917		
2		永安期货	11,818		551		
3		中信期货	8,148		165		
4		中国国际	5,154		-48		
5		银河期货	4,741		37		
6		中粮期货	3,845		160		
7		华泰期货	3,157		-54		
8		申银万国	3,031		-332		
9		国富期货	2,482		-1,103		
10		浙商期货	2,335		365		
11		中信建投	2,162		-104		
12		方正中期	1,933		-157		
13		兴证期货	1,811		283		
14		中辉期货	1,743		-1,143		
15		国泰君安	1,733		-254		
16		国投安信	1,689		195		
17		光大期货	1,683		-302		
18		建信期货	1,410		-16		
19		宏源期货	1,381		-270		
20		安粮期货	1,302		10		
总计				73,817		-3,934		



会员类别	总成交量	增减		
期货公司会员	71,709		-38,594		

会员类别	总持买单量	增减		
期货公司会员	72,279		-4,346		

会员类别	总持卖单量	增减		
期货公司会员	73,817		-3,934		

