								大连商品交易所 成交量_买持仓_卖持仓排名	

合约代码：jd2009		Date：2020-02-19	

			期货公司会员	

名次		会员简称	成交量		增减		
1		东证期货	16,786		843		
2		徽商期货	5,386		-1,081		
3		国富期货	5,217		396		
4		申银万国	5,150		805		
5		华安期货	4,287		390		
6		中信期货	3,918		313		
7		宏源期货	3,367		735		
8		华泰期货	3,284		669		
9		光大期货	3,169		1,606		
10		方正中期	2,766		-202		
11		东吴期货	2,708		1,038		
12		长江期货	2,539		1,072		
13		东方财富	2,400		617		
14		国海良时	2,384		1,224		
15		海通期货	1,912		28		
16		新纪元期货	1,879		1,408		
17		中辉期货	1,872		848		
18		国泰君安	1,696		681		
19		银河期货	1,688		238		
20		国投安信	1,582		669		
总计				73,990		12,297		

名次		会员简称	持买单量	增减		
1		中信期货	2,035		480		
2		国海良时	1,934		207		
3		新湖期货	1,904		-134		
4		瑞达期货	1,771		188		
5		华泰期货	1,705		31		
6		长江期货	1,673		614		
7		方正中期	1,629		-74		
8		徽商期货	1,609		162		
9		浙商期货	1,584		46		
10		华安期货	1,531		46		
11		国泰君安	1,513		-165		
12		中财期货	1,497		127		
13		银河期货	1,475		323		
14		中国国际	1,372		65		
15		宏源期货	1,340		-321		
16		华信期货	1,280		-19		
17		海通期货	1,253		-229		
18		永安期货	1,245		-138		
19		申银万国	1,199		-26		
20		国富期货	1,194		-210		
总计				30,743		973		

名次		会员简称	持卖单量	增减		
1		华泰期货	3,216		-305		
2		华安期货	2,293		-99		
3		徽商期货	2,102		-52		
4		国泰君安	1,962		177		
5		永安期货	1,945		-104		
6		宏源期货	1,706		138		
7		长江期货	1,702		-27		
8		国富期货	1,668		-31		
9		格林大华	1,643		-145		
10		中国国际	1,597		-6		
11		东证期货	1,560		-80		
12		方正中期	1,535		-84		
13		广发期货	1,467		101		
14		鲁证期货	1,416		476		
15		大有期货	1,348		-6		
16		银河期货	1,335		-101		
17		东方财富	1,333		-87		
18		申银万国	1,212		-214		
19		中辉期货	1,131		3		
20		中信期货	1,115		-44		
总计				33,286		-490		



会员类别	总成交量	增减		
期货公司会员	73,990		12,297		

会员类别	总持买单量	增减		
期货公司会员	30,743		973		

会员类别	总持卖单量	增减		
期货公司会员	33,286		-490		

