								大连商品交易所 成交量_买持仓_卖持仓排名	

合约代码：j2009		Date：2020-03-02	

			期货公司会员	

名次		会员简称	成交量		增减		
1		东证期货	4,961		232		
2		光大期货	2,148		87		
3		一德期货	1,248		946		
4		浙商期货	1,141		147		
5		国富期货	1,132		-252		
6		华泰期货	1,011		-207		
7		东海期货	962		698		
8		海通期货	926		-238		
9		方正中期	860		116		
10		永安期货	761		-358		
11		国信期货	697		40		
12		平安期货	674		540		
13		申银万国	671		-8		
14		徽商期货	635		-52		
15		中信期货	606		-198		
16		银河期货	576		-100		
17		华安期货	560		240		
18		中辉期货	552		151		
19		国泰君安	543		240		
20		弘业期货	442		119		
总计				21,106		2,143		

名次		会员简称	持买单量	增减		
1		华泰期货	3,203		63		
2		东海期货	1,940		697		
3		大地期货	1,837		23		
4		天风期货	1,756		96		
5		东证期货	1,380		-215		
6		徽商期货	1,277		-61		
7		五矿经易	1,178		-189		
8		银河期货	1,149		-58		
9		永安期货	995		-153		
10		一德期货	958		-361		
11		中辉期货	864		4		
12		宝城期货	747		-2		
13		光大期货	736		-48		
14		平安期货	656		-591		
15		国泰君安	547		-10		
16		冠通期货	532		-5		
17		上海中期	465		-51		
18		国富期货	459		-11		
19		弘业期货	416		-6		
20		宏源期货	404		15		
总计				21,499		-863		

名次		会员简称	持卖单量	增减		
1		浙商期货	3,168		379		
2		华泰期货	2,062		28		
3		东证期货	1,860		-90		
4		永安期货	1,808		-148		
5		招金期货	1,485		7		
6		冠通期货	1,208		-4		
7		五矿经易	1,153		5		
8		东海期货	1,121		25		
9		国富期货	1,085		-129		
10		一德期货	923		-277		
11		国泰君安	639		237		
12		光大期货	579		-110		
13		格林大华	535		-11		
14		中辉期货	516		-92		
15		海证期货	502		88		
16		中信期货	497		-38		
17		海通期货	441		107		
18		深圳金汇	422		141		
19		银河期货	408		8		
20		大地期货	385		78		
总计				20,797		204		



会员类别	总成交量	增减		
期货公司会员	21,106		2,143		

会员类别	总持买单量	增减		
期货公司会员	21,499		-863		

会员类别	总持卖单量	增减		
期货公司会员	20,797		204		

