								大连商品交易所 成交量_买持仓_卖持仓排名	

合约代码：i2005		Date：2020-02-14	

			期货公司会员	

名次		会员简称	成交量		增减		
1		冠通期货	199,030		77,083		
2		国泰君安	134,605		-6,442		
3		国富期货	131,196		-4,662		
4		东证期货	123,427		-24,824		
5		光大期货	68,844		-20,145		
6		申银万国	56,656		-9,514		
7		永安期货	53,281		10,702		
8		中信期货	41,798		-10,683		
9		方正中期	36,283		-22,386		
10		海通期货	33,940		3,109		
11		银河期货	33,652		-15,643		
12		华泰期货	25,000		-8,664		
13		徽商期货	24,931		-9,160		
14		中信建投	21,050		6,320		
15		广发期货	19,361		-2,669		
16		五矿经易	18,208		3,616		
17		中辉期货	17,100		-4,245		
18		弘业期货	16,109		-2,818		
19		华安期货	15,567		-3,748		
20		鲁证期货	15,263		6,821		
总计				1,085,301	-37,952		

名次		会员简称	持买单量	增减		
1		永安期货	71,928		11,461		
2		中信期货	48,955		688		
3		国泰君安	33,978		594		
4		五矿经易	33,279		-350		
5		银河期货	25,611		-5,250		
6		国富期货	23,869		-826		
7		浙商期货	21,824		1,657		
8		东证期货	19,191		184		
9		申银万国	18,356		-2,753		
10		兴证期货	18,006		1,976		
11		一德期货	17,557		-2,577		
12		海通期货	16,336		-42		
13		国投安信	15,957		514		
14		华泰期货	15,457		573		
15		乾坤期货	15,302		-1,600		
16		鲁证期货	14,173		-9,384		
17		东海期货	13,563		-1,788		
18		大地期货	12,400		1,136		
19		方正中期	11,963		-1,332		
20		徽商期货	11,162		-609		
总计				458,867		-7,728		

名次		会员简称	持卖单量	增减		
1		中信期货	51,306		-1,416		
2		一德期货	49,184		1,075		
3		银河期货	36,660		-528		
4		永安期货	32,806		-3,648		
5		东证期货	23,179		1,891		
6		国富期货	21,416		276		
7		鲁证期货	20,538		271		
8		华泰期货	20,184		5,187		
9		国泰君安	18,910		703		
10		方正中期	18,389		-3,649		
11		海通期货	16,119		718		
12		中信建投	14,692		-231		
13		国贸期货	12,946		-1,846		
14		道通期货	12,633		481		
15		国投安信	12,316		-85		
16		冠通期货	11,839		614		
17		国信期货	11,611		-265		
18		广发期货	11,230		-3		
19		徽商期货	10,226		474		
20		中粮期货	9,993		-73		
总计				416,177		-54		



会员类别	总成交量	增减		
期货公司会员	1,085,301	-37,952		

会员类别	总持买单量	增减		
期货公司会员	458,867		-7,728		

会员类别	总持卖单量	增减		
期货公司会员	416,177		-54		

