								大连商品交易所 成交量_买持仓_卖持仓排名	

合约代码：cs2005		Date：2020-03-13	

			期货公司会员	

名次		会员简称	成交量		增减		
1		华泰期货	21,152		15,071		
2		东证期货	13,787		-48,729		
3		中信期货	6,916		1,363		
4		兴证期货	6,325		-12,383		
5		海通期货	6,011		-4,598		
6		光大期货	4,889		-2,161		
7		国泰君安	3,389		-4,074		
8		天风期货	3,257		1,467		
9		中粮期货	3,201		603		
10		浙商期货	3,142		-2,294		
11		国贸期货	3,035		1,694		
12		永安期货	2,685		-2,034		
13		方正中期	2,671		-2,383		
14		国富期货	2,279		-6,733		
15		东航期货	1,720		-862		
16		申银万国	1,592		-2,538		
17		五矿经易	1,415		-867		
18		福能期货	1,216		1,165		
19		银河期货	1,138		-1,678		
20		鲁证期货	1,104		-107		
总计				90,924		-70,078		

名次		会员简称	持买单量	增减		
1		光大期货	4,832		-1,908		
2		广发期货	4,827		5		
3		上海大陆	4,419		226		
4		华安期货	4,364		-84		
5		华泰期货	3,217		326		
6		中信建投	3,174		407		
7		北京首创	2,869		17		
8		永安期货	2,328		-61		
9		浙商期货	2,312		1,908		
10		国贸期货	2,209		621		
11		东证期货	2,188		-30		
12		中信期货	2,181		624		
13		南华期货	2,059		-1		
14		方正中期	1,866		269		
15		鲁证期货	1,699		41		
16		银河期货	1,621		-339		
17		徽商期货	1,491		-61		
18		国泰君安	1,290		-76		
19		中粮期货	1,285		-970		
20		中国国际	1,164		-16		
总计				51,395		898		

名次		会员简称	持卖单量	增减		
1		中信期货	10,520		-1,694		
2		国泰君安	8,128		-357		
3		永安期货	7,845		2,120		
4		国富期货	4,919		-177		
5		摩根大通	3,358		-587		
6		兴证期货	2,986		-491		
7		东证期货	2,735		-633		
8		国投安信	2,409		-21		
9		中金期货	2,192		-23		
10		华泰期货	2,133		182		
11		鲁证期货	1,887		-157		
12		宏源期货	1,795		179		
13		中粮期货	1,761		167		
14		中信建投	1,393		0		
15		银河期货	1,335		-1		
16		浙商期货	1,220		748		
17		五矿经易	1,199		97		
18		国贸期货	1,087		-704		
19		南华期货	1,057		295		
20		光大期货	1,023		-71		
总计				60,982		-1,128		



会员类别	总成交量	增减		
期货公司会员	90,924		-70,078		

会员类别	总持买单量	增减		
期货公司会员	51,395		898		

会员类别	总持卖单量	增减		
期货公司会员	60,982		-1,128		

