								大连商品交易所 成交量_买持仓_卖持仓排名	

合约代码：b2005		Date：2020-03-13	

			期货公司会员	

名次		会员简称	成交量		增减		
1		华泰期货	37,675		12,013		
2		海通期货	9,914		2,640		
3		国投安信	9,209		179		
4		国富期货	7,968		-173		
5		中信期货	5,370		421		
6		永安期货	4,870		781		
7		金瑞期货	4,747		958		
8		申银万国	3,675		-204		
9		渤海期货	3,518		-670		
10		东证期货	3,149		715		
11		方正中期	3,076		-1,314		
12		南华期货	2,674		63		
13		华安期货	2,461		985		
14		光大期货	2,458		-1,252		
15		国泰君安	2,212		-1,154		
16		徽商期货	2,156		563		
17		东方财富	2,142		929		
18		弘业期货	1,941		-446		
19		国海良时	1,799		369		
20		中原期货	1,781		-1,247		
总计				112,795		14,156		

名次		会员简称	持买单量	增减		
1		金瑞期货	9,393		-635		
2		渤海期货	5,460		-185		
3		五矿经易	4,576		-6		
4		方正中期	3,008		-286		
5		永安期货	2,237		-22		
6		国投安信	2,093		98		
7		弘业期货	2,082		-161		
8		申银万国	1,989		-375		
9		国海良时	1,885		-216		
10		东证期货	1,412		10		
11		国泰君安	1,005		31		
12		光大期货	993		-3		
13		德盛期货	957		-2		
14		南华期货	905		65		
15		福能期货	832		-11		
16		中信期货	696		-125		
17		大地期货	671		97		
18		中原期货	626		178		
19		华泰期货	574		51		
20		新晟期货	570		0		
总计				41,964		-1,497		

名次		会员简称	持卖单量	增减		
1		金瑞期货	9,359		-666		
2		渤海期货	5,200		-23		
3		五矿经易	4,898		100		
4		国投安信	3,941		-651		
5		方正中期	2,787		-258		
6		摩根大通	2,542		-34		
7		永安期货	2,245		-22		
8		弘业期货	2,067		-252		
9		国海良时	1,780		-221		
10		华安期货	1,731		-172		
11		一德期货	1,587		79		
12		中信期货	1,499		163		
13		光大期货	1,046		49		
14		申银万国	942		-320		
15		银河期货	800		121		
16		中原期货	619		187		
17		东吴期货	543		310		
18		华泰期货	536		-92		
19		中天期货	491		-88		
20		首创京都	444		0		
总计				45,057		-1,790		



会员类别	总成交量	增减		
期货公司会员	112,795		14,156		

会员类别	总持买单量	增减		
期货公司会员	41,964		-1,497		

会员类别	总持卖单量	增减		
期货公司会员	45,057		-1,790		

