								大连商品交易所 成交量_买持仓_卖持仓排名	

合约代码：pp2009		Date：2020-03-03	

			期货公司会员	

名次		会员简称	成交量		增减		
1		东证期货	14,759		1,371		
2		中信期货	5,952		1,366		
3		华安期货	3,353		1,415		
4		中银国际	3,283		2,744		
5		海通期货	3,175		-926		
6		方正中期	3,093		811		
7		国富期货	3,092		-412		
8		徽商期货	3,084		612		
9		国投安信	2,891		1,045		
10		申银万国	2,833		876		
11		东吴期货	2,571		289		
12		南华期货	2,389		-158		
13		永安期货	2,350		735		
14		上海大陆	2,179		-160		
15		弘业期货	2,065		447		
16		华闻期货	1,869		1,217		
17		海证期货	1,792		154		
18		光大期货	1,746		459		
19		宏源期货	1,654		297		
20		华泰期货	1,507		127		
总计				65,637		12,309		

名次		会员简称	持买单量	增减		
1		永安期货	6,512		-264		
2		南华期货	5,221		560		
3		华泰期货	5,069		-207		
4		中信建投	4,249		-31		
5		国泰君安	3,915		9		
6		瑞达期货	3,325		-281		
7		建信期货	2,850		229		
8		中信期货	2,817		922		
9		国投安信	2,691		39		
10		方正中期	2,673		69		
11		浙商期货	2,513		-30		
12		新湖期货	2,505		81		
13		鲁证期货	2,366		463		
14		华金期货	2,161		2		
15		中大期货	2,111		-11		
16		大地期货	2,086		36		
17		中财期货	1,688		-322		
18		中国国际	1,468		101		
19		西南期货	1,369		23		
20		中银国际	1,340		609		
总计				58,929		1,997		

名次		会员简称	持卖单量	增减		
1		申银万国	10,651		60		
2		弘业期货	10,075		361		
3		永安期货	5,946		882		
4		国投安信	5,267		-26		
5		上海中期	4,860		169		
6		中大期货	4,642		659		
7		华泰期货	4,623		82		
8		银河期货	3,649		371		
9		中财期货	2,908		4		
10		天风期货	2,501		575		
11		瑞达期货	2,221		99		
12		中信期货	1,956		-114		
13		东海期货	1,524		0		
14		浙江新世纪	1,417		19		
15		东证期货	1,403		-56		
16		国贸期货	1,364		4		
17		海通期货	1,296		43		
18		方正中期	1,188		-846		
19		浙商期货	1,160		-62		
20		国海良时	1,045		7		
总计				69,696		2,231		



会员类别	总成交量	增减		
期货公司会员	65,637		12,309		

会员类别	总持买单量	增减		
期货公司会员	58,929		1,997		

会员类别	总持卖单量	增减		
期货公司会员	69,696		2,231		

