								大连商品交易所 成交量_买持仓_卖持仓排名	

合约代码：eg2009		Date：2020-03-13	

			期货公司会员	

名次		会员简称	成交量		增减		
1		东证期货	7,754		2,523		
2		平安期货	2,824		-774		
3		华泰期货	2,193		-172		
4		新湖期货	1,826		1,578		
5		东吴期货	1,821		61		
6		海通期货	1,712		-200		
7		国富期货	1,522		-278		
8		中信期货	1,437		149		
9		宏源期货	1,407		1,054		
10		国泰君安	1,383		-314		
11		徽商期货	1,368		312		
12		长江期货	1,135		1,015		
13		格林大华	1,124		1,060		
14		东航期货	990		349		
15		申银万国	917		290		
16		南华期货	875		-932		
17		方正中期	871		365		
18		光大期货	769		-55		
19		天风期货	716		420		
20		东海期货	599		-290		
总计				33,243		6,161		

名次		会员简称	持买单量	增减		
1		通惠期货	6,987		0		
2		新湖期货	3,641		1,603		
3		华泰期货	2,574		-4		
4		平安期货	1,926		-735		
5		南华期货	1,868		102		
6		国泰君安	1,803		-260		
7		中信期货	1,763		256		
8		招商期货	1,597		2		
9		广发期货	1,261		64		
10		方正中期	1,229		-30		
11		银河期货	1,221		-22		
12		国投安信	1,163		-170		
13		永安期货	1,142		-149		
14		东吴期货	1,095		0		
15		长江期货	1,060		617		
16		天风期货	1,038		68		
17		长城期货	912		6		
18		格林大华	876		849		
19		东证期货	855		23		
20		宝城期货	837		3		
总计				34,848		2,223		

名次		会员简称	持卖单量	增减		
1		国贸期货	6,567		39		
2		银河期货	3,707		12		
3		中融汇信	2,719		0		
4		中信期货	2,617		45		
5		中银国际	2,569		-2		
6		永安期货	1,921		-36		
7		南华期货	1,855		431		
8		上海中期	1,690		79		
9		天风期货	1,624		412		
10		格林大华	1,346		1		
11		华信期货	1,238		-9		
12		新湖期货	1,125		161		
13		申银万国	1,049		17		
14		瑞达期货	1,027		14		
15		国元期货	987		1		
16		招商期货	963		5		
17		浙商期货	941		10		
18		方正中期	870		3		
19		宏源期货	846		469		
20		大有期货	838		232		
总计				36,499		1,884		



会员类别	总成交量	增减		
期货公司会员	33,243		6,161		

会员类别	总持买单量	增减		
期货公司会员	34,848		2,223		

会员类别	总持卖单量	增减		
期货公司会员	36,499		1,884		

