								大连商品交易所 成交量_买持仓_卖持仓排名	

合约代码：l2005		Date：2020-02-19	

			期货公司会员	

名次		会员简称	成交量		增减		
1		东证期货	65,878		-34,048		
2		国富期货	28,823		-9,686		
3		兴证期货	15,512		-6,752		
4		方正中期	14,443		-435		
5		海通期货	7,470		-6,027		
6		中信期货	7,315		-1,621		
7		银河期货	6,232		-2,889		
8		国信期货	5,748		-10,848		
9		国泰君安	5,688		-3,071		
10		光大期货	5,054		-3,953		
11		华泰期货	5,035		-3,784		
12		永安期货	3,897		-5,559		
13		徽商期货	3,781		-6,993		
14		华安期货	3,647		-1,921		
15		天风期货	3,553		2,852		
16		招商期货	3,537		-3,310		
17		弘业期货	3,242		-2,548		
18		申银万国	3,229		-4,156		
19		鲁证期货	2,876		-1,806		
20		国投安信	2,863		-2,915		
总计				197,823		-109,470	

名次		会员简称	持买单量	增减		
1		永安期货	33,361		33		
2		东证期货	13,629		-1,593		
3		弘业期货	12,277		117		
4		信达期货	10,255		499		
5		方正中期	8,609		344		
6		中信期货	8,029		-691		
7		华泰期货	7,806		-20		
8		东海期货	7,206		52		
9		国泰君安	6,576		507		
10		中粮期货	5,970		-161		
11		中大期货	5,674		-70		
12		一德期货	5,439		-125		
13		徽商期货	5,412		-423		
14		国投安信	5,377		121		
15		南华期货	5,238		-283		
16		大地期货	5,208		-194		
17		中财期货	5,183		19		
18		华安期货	4,866		370		
19		浙商期货	4,828		-108		
20		申银万国	4,576		-226		
总计				165,519		-1,832		

名次		会员简称	持卖单量	增减		
1		华泰期货	27,033		125		
2		中信期货	21,082		-486		
3		申银万国	19,720		93		
4		浙商期货	16,739		96		
5		国投安信	16,424		336		
6		银河期货	15,003		704		
7		中财期货	12,929		-169		
8		永安期货	12,317		-962		
9		光大期货	11,368		14		
10		东证期货	10,167		-1,831		
11		方正中期	9,799		-567		
12		国海良时	7,670		-122		
13		建信期货	7,455		-67		
14		瑞达期货	6,992		-95		
15		南华期货	6,416		344		
16		兴证期货	6,247		114		
17		中银国际	5,342		59		
18		国泰君安	5,216		-95		
19		兴业期货	4,754		625		
20		海通期货	4,590		87		
总计				227,263		-1,797		



会员类别	总成交量	增减		
期货公司会员	197,823		-109,470	

会员类别	总持买单量	增减		
期货公司会员	165,519		-1,832		

会员类别	总持卖单量	增减		
期货公司会员	227,263		-1,797		

