								大连商品交易所 成交量_买持仓_卖持仓排名	

合约代码：jd2004		Date：2020-02-19	

			期货公司会员	

名次		会员简称	成交量		增减		
1		方正中期	15,928		6,922		
2		东证期货	14,923		3,952		
3		徽商期货	11,682		6,209		
4		广发期货	9,027		8,098		
5		东方财富	8,607		3,222		
6		华安期货	7,949		4,698		
7		宏源期货	5,923		3,812		
8		中信期货	5,136		3,004		
9		海通期货	4,914		1,963		
10		申银万国	4,884		2,151		
11		西部期货	4,249		1,480		
12		东吴期货	4,198		3,655		
13		国富期货	4,195		1,245		
14		中信建投	3,357		923		
15		国泰君安	3,299		2,021		
16		华泰期货	3,203		1,605		
17		美尔雅期货	2,929		1,427		
18		长安期货	2,923		2,028		
19		国信期货	2,749		1,643		
20		华信期货	2,593		2,359		
总计				122,668		62,417		

名次		会员简称	持买单量	增减		
1		徽商期货	2,036		-19		
2		中信期货	1,887		-448		
3		方正中期	1,344		-377		
4		东航期货	1,134		354		
5		国泰君安	1,120		530		
6		东证期货	1,057		21		
7		华安期货	999		-164		
8		宏源期货	983		189		
9		申银万国	978		-65		
10		东方财富	913		-427		
11		中信建投	841		-215		
12		永安期货	705		-202		
13		平安期货	701		-98		
14		五矿经易	663		614		
15		海航期货	645		-5		
16		兴证期货	645		-409		
17		东海期货	601		161		
18		美尔雅期货	545		360		
19		华泰期货	526		-881		
20		福能期货	451		349		
总计				18,774		-732		

名次		会员简称	持卖单量	增减		
1		永安期货	2,290		225		
2		方正中期	2,193		-141		
3		汇鑫期货	1,882		98		
4		中信期货	1,786		760		
5		宏源期货	1,601		-522		
6		东方财富	1,506		698		
7		华泰期货	1,405		-262		
8		宝城期货	1,227		146		
9		徽商期货	1,042		-383		
10		中辉期货	1,012		409		
11		长江期货	946		441		
12		东海期货	837		-108		
13		海通期货	830		587		
14		光大期货	792		65		
15		一德期货	673		-95		
16		广发期货	562		409		
17		倍特期货	475		-71		
18		南华期货	466		-377		
19		国泰君安	457		127		
20		华安期货	446		-849		
总计				22,428		1,157		



会员类别	总成交量	增减		
期货公司会员	122,668		62,417		

会员类别	总持买单量	增减		
期货公司会员	18,774		-732		

会员类别	总持卖单量	增减		
期货公司会员	22,428		1,157		

