								大连商品交易所 成交量_买持仓_卖持仓排名	

合约代码：i2007		Date：2020-03-13	

			期货公司会员	

名次		会员简称	成交量		增减		
1		方正中期	6,636		3,411		
2		东证期货	2,569		765		
3		光大期货	2,284		873		
4		东吴期货	2,229		-1,575		
5		申银万国	1,903		1,438		
6		永安期货	1,894		726		
7		中信期货	1,855		1,211		
8		南华期货	1,639		1,003		
9		上海中期	1,613		1,064		
10		宝城期货	1,394		899		
11		银河期货	1,295		450		
12		国信期货	1,199		426		
13		徽商期货	1,074		588		
14		东海期货	967		467		
15		浙商期货	699		-89		
16		新湖期货	676		265		
17		弘业期货	663		-21		
18		安粮期货	605		461		
19		锦泰期货	572		259		
20		国海良时	545		167		
总计				32,311		12,788		

名次		会员简称	持买单量	增减		
1		方正中期	2,550		989		
2		宝城期货	1,619		-3		
3		新湖期货	1,577		-26		
4		永安期货	1,520		98		
5		道通期货	1,501		1		
6		上海中期	1,169		633		
7		东海期货	932		271		
8		南华期货	771		3		
9		东证期货	630		-27		
10		华西期货	478		0		
11		国投安信	438		18		
12		国海良时	360		-53		
13		中粮期货	321		1		
14		海通期货	317		-1		
15		中信期货	316		-5		
16		浙商期货	304		9		
17		国信期货	276		-24		
18		东吴期货	260		-90		
19		上海大陆	260		0		
20		徽商期货	204		1		
总计				15,803		1,795		

名次		会员简称	持卖单量	增减		
1		方正中期	2,554		931		
2		宝城期货	1,654		-3		
3		新湖期货	1,536		-2		
4		东海期货	1,148		302		
5		永安期货	985		-92		
6		上海中期	975		558		
7		南华期货	818		0		
8		海证期货	693		0		
9		华西期货	588		2		
10		国投安信	512		36		
11		中钢期货	460		0		
12		中信期货	449		-68		
13		申银万国	395		73		
14		国海良时	390		-52		
15		中财期货	337		4		
16		徽商期货	335		-47		
17		中粮期货	317		1		
18		广州期货	292		0		
19		上海大陆	260		0		
20		东吴期货	246		-57		
总计				14,944		1,586		



会员类别	总成交量	增减		
期货公司会员	32,311		12,788		

会员类别	总持买单量	增减		
期货公司会员	15,803		1,795		

会员类别	总持卖单量	增减		
期货公司会员	14,944		1,586		

