								大连商品交易所 成交量_买持仓_卖持仓排名	

合约代码：l2009		Date：2020-03-03	

			期货公司会员	

名次		会员简称	成交量		增减		
1		东证期货	33,678		-2,211		
2		中信期货	4,765		-631		
3		建信期货	4,338		4,039		
4		光大期货	3,393		-477		
5		五矿经易	2,479		1,264		
6		华安期货	2,320		1,309		
7		冠通期货	1,707		905		
8		宏源期货	1,513		93		
9		广发期货	1,476		322		
10		永安期货	1,387		-440		
11		申银万国	1,320		-365		
12		弘业期货	1,296		214		
13		锦泰期货	1,295		-6		
14		南华期货	1,262		91		
15		海通期货	1,204		-384		
16		华信期货	1,087		400		
17		兴证期货	1,065		-559		
18		国泰君安	1,011		-589		
19		东航期货	977		353		
20		中大期货	975		175		
总计				68,548		3,503		

名次		会员简称	持买单量	增减		
1		永安期货	8,327		216		
2		华泰期货	3,881		35		
3		弘业期货	3,241		671		
4		东证期货	3,120		-8		
5		中大期货	2,985		-30		
6		南华期货	2,619		80		
7		华安期货	2,603		749		
8		海通期货	2,499		294		
9		东吴期货	2,114		250		
10		华金期货	2,099		14		
11		大地期货	2,064		123		
12		新湖期货	2,002		94		
13		中粮期货	1,991		14		
14		中信期货	1,932		-23		
15		浙商期货	1,845		138		
16		鲁证期货	1,690		147		
17		国联期货	1,656		46		
18		徽商期货	1,645		-190		
19		中辉期货	1,613		190		
20		方正中期	1,606		0		
总计				51,532		2,810		

名次		会员简称	持卖单量	增减		
1		申银万国	9,597		-9		
2		弘业期货	8,568		-285		
3		建信期货	7,796		4,097		
4		华泰期货	6,987		89		
5		国投安信	4,997		-504		
6		国海良时	3,894		542		
7		光大期货	3,250		17		
8		东证期货	3,106		-486		
9		银河期货	2,895		-79		
10		中信期货	2,729		-98		
11		永安期货	2,695		-481		
12		方正中期	2,431		19		
13		浙商期货	2,345		88		
14		天风期货	2,212		-29		
15		大有期货	2,078		68		
16		一德期货	1,906		-32		
17		东吴期货	1,896		472		
18		中国国际	1,890		56		
19		东海期货	1,806		-20		
20		南华期货	1,629		-78		
总计				74,707		3,347		



会员类别	总成交量	增减		
期货公司会员	68,548		3,503		

会员类别	总持买单量	增减		
期货公司会员	51,532		2,810		

会员类别	总持卖单量	增减		
期货公司会员	74,707		3,347		

