								大连商品交易所 成交量_买持仓_卖持仓排名	

合约代码：y2005		Date：2020-03-02	

			期货公司会员	

名次		会员简称	成交量		增减		
1		东证期货	211,646		-102,174	
2		兴证期货	81,264		-70,062		
3		光大期货	52,802		-28,443		
4		海通期货	23,974		-6,630		
5		申银万国	23,769		-18,768		
6		中信期货	22,865		-10,775		
7		格林大华	18,741		3,861		
8		国富期货	15,767		-25,753		
9		国泰君安	15,734		-13,963		
10		浙商期货	15,095		-9,864		
11		国投安信	14,218		-6,340		
12		华安期货	13,853		-11,941		
13		中粮期货	13,232		-37,258		
14		永安期货	11,954		-10,330		
15		方正中期	11,454		-12,340		
16		华泰期货	10,714		-11,088		
17		徽商期货	9,634		-15,094		
18		中国国际	9,087		1,510		
19		东方财富	8,140		-4,217		
20		宏源期货	7,977		-13,362		
总计				591,920		-403,031	

名次		会员简称	持买单量	增减		
1		中粮期货	68,054		6,924		
2		永安期货	23,076		-2,153		
3		国投安信	16,371		2,497		
4		信达期货	14,856		1,546		
5		中信期货	12,723		142		
6		东证期货	11,632		1,032		
7		中财期货	9,024		-163		
8		银河期货	8,605		-856		
9		国泰君安	7,542		-982		
10		格林大华	6,329		-1,547		
11		华泰期货	6,005		1,299		
12		宏源期货	5,813		254		
13		五矿经易	5,611		-165		
14		兴业期货	5,166		29		
15		浙商期货	5,028		-62		
16		金瑞期货	4,822		459		
17		中信建投	4,804		-60		
18		南华期货	4,741		-123		
19		广发期货	4,660		-1,229		
20		长江期货	4,384		63		
总计				229,246		6,905		

名次		会员简称	持卖单量	增减		
1		国投安信	32,475		1,117		
2		中粮期货	27,324		1,308		
3		一德期货	26,402		1,549		
4		中信期货	20,050		363		
5		银河期货	18,190		1,303		
6		信达期货	18,164		5		
7		摩根大通	17,814		-68		
8		新湖期货	17,270		-285		
9		鲁证期货	12,658		-801		
10		国泰君安	12,490		-1,742		
11		永安期货	11,047		883		
12		平安期货	8,439		-31		
13		南华期货	8,057		-504		
14		海通期货	7,867		-1,077		
15		建信期货	7,316		94		
16		东证期货	7,027		-2,342		
17		安粮期货	6,378		585		
18		华泰期货	5,513		-803		
19		国富期货	5,042		194		
20		宏源期货	5,036		2,415		
总计				274,559		2,163		



会员类别	总成交量	增减		
期货公司会员	591,920		-403,031	

会员类别	总持买单量	增减		
期货公司会员	229,246		6,905		

会员类别	总持卖单量	增减		
期货公司会员	274,559		2,163		

