								大连商品交易所 成交量_买持仓_卖持仓排名	

合约代码：i2006		Date：2020-03-13	

			期货公司会员	

名次		会员简称	成交量		增减		
1		鲁证期货	19,922		-10,086		
2		方正中期	8,178		4,926		
3		东证期货	4,384		2,820		
4		南华期货	2,906		1,034		
5		上海中期	2,369		1,106		
6		宝城期货	2,280		894		
7		东吴期货	2,077		-2,011		
8		永安期货	1,853		451		
9		中信期货	1,627		1,140		
10		银河期货	1,548		584		
11		光大期货	1,266		504		
12		新湖期货	1,111		681		
13		弘业期货	982		-146		
14		国海良时	976		478		
15		国投安信	882		244		
16		申银万国	819		-25		
17		海通期货	790		699		
18		东海期货	779		230		
19		浙商期货	769		309		
20		天风期货	482		72		
总计				56,000		3,904		

名次		会员简称	持买单量	增减		
1		方正中期	3,392		963		
2		东海期货	2,188		110		
3		上海中期	1,000		123		
4		永安期货	801		-2		
5		国投安信	761		43		
6		宝城期货	714		-13		
7		弘业期货	602		-67		
8		南华期货	469		6		
9		国海良时	336		-2		
10		中信期货	308		0		
11		浙商期货	238		-12		
12		银河期货	218		63		
13		北京首创	155		0		
14		国联期货	149		0		
15		国信期货	70		11		
16		国富期货	70		2		
17		西南期货	68		10		
18		天风期货	64		-4		
19		新湖期货	44		-1		
20		东吴期货	39		39		
总计				11,686		1,269		

名次		会员简称	持卖单量	增减		
1		方正中期	3,397		947		
2		东海期货	2,161		69		
3		永安期货	969		107		
4		国投安信	768		15		
5		宝城期货	716		-11		
6		上海中期	708		98		
7		弘业期货	603		-33		
8		南华期货	469		6		
9		浙商期货	300		1		
10		国海良时	272		-22		
11		中信期货	243		-35		
12		瑞达期货	220		0		
13		兴证期货	200		200		
14		银河期货	128		-79		
15		徽商期货	68		2		
16		国元期货	62		1		
17		深圳金汇	61		0		
18		国富期货	59		0		
19		新湖期货	52		4		
20		平安期货	34		2		
总计				11,490		1,272		



会员类别	总成交量	增减		
期货公司会员	56,000		3,904		

会员类别	总持买单量	增减		
期货公司会员	11,686		1,269		

会员类别	总持卖单量	增减		
期货公司会员	11,490		1,272		

