								大连商品交易所 成交量_买持仓_卖持仓排名	

合约代码：j2005		Date：2020-02-19	

			期货公司会员	

名次		会员简称	成交量		增减		
1		东证期货	27,090		-5,317		
2		国富期货	14,766		-5,918		
3		中信期货	7,660		-1,798		
4		海通期货	6,287		-95		
5		国泰君安	5,516		-792		
6		永安期货	4,869		-2,417		
7		光大期货	4,352		-2,982		
8		申银万国	3,684		-394		
9		方正中期	3,442		-1,635		
10		华安期货	3,302		-1,168		
11		鲁证期货	3,291		-1,227		
12		华泰期货	3,259		-699		
13		平安期货	3,175		113		
14		兴证期货	3,110		180		
15		徽商期货	2,924		-545		
16		中辉期货	2,369		-79		
17		山西三立	2,324		-966		
18		银河期货	2,281		-1,003		
19		弘业期货	2,133		-720		
20		新纪元期货	1,958		-854		
总计				107,792		-28,316		

名次		会员简称	持买单量	增减		
1		中信期货	8,882		-735		
2		东证期货	8,004		-1,498		
3		永安期货	6,850		342		
4		国富期货	5,213		-26		
5		浙商期货	3,580		92		
6		华泰期货	3,291		-573		
7		大地期货	3,261		-169		
8		一德期货	3,261		156		
9		广发期货	3,172		-110		
10		五矿经易	2,910		119		
11		中信建投	2,264		168		
12		国泰君安	2,253		25		
13		海通期货	2,196		240		
14		方正中期	2,108		-227		
15		银河期货	2,046		-35		
16		大越期货	2,042		18		
17		金瑞期货	1,926		84		
18		国投安信	1,907		2		
19		英大期货	1,853		118		
20		国贸期货	1,822		54		
总计				68,841		-1,955		

名次		会员简称	持卖单量	增减		
1		永安期货	11,127		1,987		
2		中信期货	8,472		-339		
3		东证期货	7,783		-2,110		
4		国富期货	5,073		-192		
5		华泰期货	4,931		440		
6		浙商期货	3,472		50		
7		海通期货	3,422		1,015		
8		银河期货	3,286		-20		
9		国泰君安	3,023		187		
10		中信建投	2,773		64		
11		中粮期货	2,717		136		
12		五矿经易	2,710		-88		
13		招商期货	2,405		1		
14		兴证期货	2,325		622		
15		鲁证期货	2,293		-913		
16		方正中期	2,050		-241		
17		申银万国	1,834		83		
18		一德期货	1,758		200		
19		中辉期货	1,738		433		
20		中财期货	1,717		-327		
总计				74,909		988		



会员类别	总成交量	增减		
期货公司会员	107,792		-28,316		

会员类别	总持买单量	增减		
期货公司会员	68,841		-1,955		

会员类别	总持卖单量	增减		
期货公司会员	74,909		988		

