								大连商品交易所 成交量_买持仓_卖持仓排名	

合约代码：c2005		Date：2020-02-03	

			期货公司会员	

名次		会员简称	成交量		增减		
1		东证期货	97,988		13,258		
2		国泰君安	97,983		21,138		
3		安粮期货	41,627		19,587		
4		中信期货	38,510		17,316		
5		光大期货	33,242		23,687		
6		中粮期货	28,300		17,549		
7		永安期货	27,062		7,461		
8		申银万国	23,434		15,137		
9		徽商期货	22,058		3,424		
10		国投安信	18,499		12,578		
11		冠通期货	15,866		12,764		
12		华泰期货	15,312		5,195		
13		东吴期货	14,387		11,097		
14		海通期货	13,894		6,801		
15		五矿经易	11,673		8,791		
16		国富期货	11,425		7,741		
17		兴证期货	11,345		1,876		
18		浙商期货	11,259		5,848		
19		银河期货	10,872		4,877		
20		广州金控	9,927		6,836		
总计				554,663		222,961		

名次		会员简称	持买单量	增减		
1		永安期货	175,552		7,239		
2		中信期货	28,364		-3,596		
3		五矿经易	28,216		-4,623		
4		国投安信	24,055		-1,022		
5		鲁证期货	23,800		-754		
6		金瑞期货	23,022		-1,192		
7		东证期货	17,424		-2,624		
8		一德期货	15,602		-103		
9		华泰期货	15,417		-2,438		
10		中粮期货	14,172		-2,766		
11		建信期货	14,129		78		
12		光大期货	11,015		1,645		
13		新湖期货	9,006		-698		
14		中原期货	7,884		1,183		
15		广发期货	7,664		-751		
16		中融汇信	7,585		1,832		
17		徽商期货	7,281		2,443		
18		海通期货	7,131		-2,353		
19		国泰君安	6,806		-256		
20		中信建投	6,726		-1,644		
总计				450,851		-10,400		

名次		会员简称	持卖单量	增减		
1		中信期货	107,401		-2,332		
2		中粮期货	75,227		-14,404		
3		国投安信	65,394		-5,873		
4		永安期货	45,197		-1,915		
5		中国国际	24,035		393		
6		兴业期货	23,971		66		
7		金瑞期货	18,693		1,656		
8		光大期货	16,261		13		
9		银河期货	15,962		-1,540		
10		华泰期货	15,088		934		
11		国贸期货	13,473		263		
12		东证期货	13,036		1,476		
13		摩根大通	12,802		-8,009		
14		浙商期货	12,444		2,683		
15		大有期货	10,940		-14		
16		新湖期货	8,417		-2,511		
17		国泰君安	7,365		1,425		
18		信达期货	6,005		20		
19		瑞达期货	5,425		94		
20		混沌天成	4,830		-505		
总计				501,966		-28,080		



会员类别	总成交量	增减		
期货公司会员	554,663		222,961		

会员类别	总持买单量	增减		
期货公司会员	450,851		-10,400		

会员类别	总持卖单量	增减		
期货公司会员	501,966		-28,080		

