								大连商品交易所 成交量_买持仓_卖持仓排名	

合约代码：p2005		Date：2020-02-13	

			期货公司会员	

名次		会员简称	成交量		增减		
1		东证期货	477,491		108,632		
2		国泰君安	185,671		-2,505		
3		申银万国	126,571		22,914		
4		兴证期货	126,257		34,122		
5		国信期货	125,235		2,990		
6		光大期货	121,793		24,012		
7		国富期货	120,937		10,015		
8		华闻期货	86,060		34,919		
9		广发期货	72,965		19,976		
10		银河期货	70,511		11,041		
11		东方财富	65,576		13,865		
12		徽商期货	62,595		11,980		
13		海通期货	57,384		17,872		
14		中信期货	55,048		6,686		
15		安粮期货	54,649		33,650		
16		华安期货	51,902		8,349		
17		华泰期货	43,792		16,926		
18		方正中期	42,051		-5,447		
19		海证期货	38,931		22,728		
20		永安期货	37,803		1,084		
总计				2,023,222	393,809		

名次		会员简称	持买单量	增减		
1		银河期货	27,684		1,594		
2		永安期货	23,211		-4,116		
3		中粮期货	22,537		2,068		
4		东证期货	21,307		-817		
5		中国国际	20,439		-662		
6		国泰君安	17,525		-4,186		
7		宏源期货	14,495		263		
8		国投安信	12,596		-976		
9		中信期货	11,904		961		
10		国富期货	9,848		4,076		
11		广发期货	9,716		-2,427		
12		浙商期货	9,555		-386		
13		申银万国	8,896		377		
14		信达期货	7,582		-64		
15		一德期货	7,439		-883		
16		华泰期货	7,116		2,412		
17		格林大华	7,040		81		
18		安粮期货	6,650		1,230		
19		摩根大通	5,897		-682		
20		光大期货	5,686		120		
总计				257,123		-2,017		

名次		会员简称	持卖单量	增减		
1		中粮期货	33,066		-471		
2		鲁证期货	25,323		-1,305		
3		华闻期货	23,631		1,462		
4		中信期货	21,812		133		
5		国投安信	21,203		569		
6		银河期货	14,152		633		
7		海通期货	13,682		5,720		
8		华泰期货	12,860		-178		
9		东证期货	12,382		-1,344		
10		浙商期货	10,632		-1,116		
11		永安期货	10,258		-463		
12		申银万国	8,210		564		
13		国富期货	6,754		495		
14		华安期货	6,739		492		
15		光大期货	6,478		181		
16		东方财富	6,164		440		
17		广发期货	6,154		-974		
18		摩根大通	6,124		100		
19		徽商期货	5,805		-634		
20		国泰君安	5,616		709		
总计				257,045		5,013		



会员类别	总成交量	增减		
期货公司会员	2,023,222	393,809		

会员类别	总持买单量	增减		
期货公司会员	257,123		-2,017		

会员类别	总持卖单量	增减		
期货公司会员	257,045		5,013		

