								大连商品交易所 成交量_买持仓_卖持仓排名	

合约代码：b2004		Date：2020-02-14	

			期货公司会员	

名次		会员简称	成交量		增减		
1		方正中期	1,274		1,154		
2		南华期货	1,030		-4		
3		上海中期	982		-8		
4		渤海期货	694		110		
5		永安期货	678		-230		
6		东证期货	673		-405		
7		国海良时	644		-150		
8		国投安信	429		-89		
9		五矿经易	404		85		
10		申银万国	353		-268		
11		金瑞期货	270		-10		
12		华闻期货	251		-269		
13		中原期货	251		-344		
14		海通期货	250		-40		
15		弘业期货	232		-294		
16		光大期货	138		-554		
17		广发期货	135		-439		
18		徽商期货	54		-1		
19		迈科期货	40		-106		
20		东方财富	28		-18		
总计				8,810		-1,880		

名次		会员简称	持买单量	增减		
1		金瑞期货	2,332		44		
2		永安期货	2,006		-1		
3		渤海期货	1,424		319		
4		国投安信	1,355		2		
5		五矿经易	1,104		202		
6		国海良时	1,036		97		
7		弘业期货	1,003		65		
8		海通期货	980		125		
9		申银万国	714		-187		
10		光大期货	462		59		
11		迈科期货	308		40		
12		国元期货	223		-4		
13		方正中期	183		24		
14		华闻期货	153		33		
15		中原期货	102		-21		
16		东证期货	92		31		
17		广发期货	31		-10		
18		宏源期货	26		26		
19		国富期货	19		0		
20		南华期货	19		0		
总计				13,572		844		

名次		会员简称	持卖单量	增减		
1		金瑞期货	2,374		74		
2		永安期货	2,006		-1		
3		渤海期货	1,380		327		
4		国投安信	1,355		23		
5		五矿经易	1,084		202		
6		国海良时	1,036		97		
7		弘业期货	1,002		65		
8		海通期货	980		125		
9		申银万国	728		-166		
10		摩根大通	600		0		
11		光大期货	379		79		
12		方正中期	165		24		
13		中信建投	100		0		
14		徽商期货	74		49		
15		广发期货	69		-3		
16		东证期货	58		-4		
17		美尔雅期货	55		0		
18		中原期货	50		-8		
19		南华期货	34		0		
20		东吴期货	32		-25		
总计				13,561		858		



会员类别	总成交量	增减		
期货公司会员	8,810		-1,880		

会员类别	总持买单量	增减		
期货公司会员	13,572		844		

会员类别	总持卖单量	增减		
期货公司会员	13,561		858		

