								大连商品交易所 成交量_买持仓_卖持仓排名	

合约代码：jd2004		Date：2020-03-03	

			期货公司会员	

名次		会员简称	成交量		增减		
1		东证期货	52,477		269		
2		东方财富	17,797		3,906		
3		徽商期货	13,902		-4,628		
4		中信期货	12,504		556		
5		海通期货	11,513		-3,573		
6		方正中期	10,270		-257		
7		东吴期货	9,325		2,671		
8		宏源期货	9,191		599		
9		天风期货	7,944		4,131		
10		华安期货	7,627		-1,616		
11		中信建投	7,603		-1,850		
12		华泰期货	7,140		-781		
13		国泰君安	6,253		1,618		
14		安粮期货	5,227		437		
15		国投安信	4,979		1,204		
16		国富期货	4,973		-934		
17		东航期货	4,807		1,301		
18		兴证期货	4,527		1,855		
19		申银万国	4,506		-897		
20		广发期货	4,389		-8,730		
总计				206,954		-4,719		

名次		会员简称	持买单量	增减		
1		方正中期	1,436		-13		
2		宏源期货	1,417		-106		
3		徽商期货	1,339		-426		
4		国泰君安	1,185		-907		
5		华安期货	884		-327		
6		中信建投	851		196		
7		东方财富	821		6		
8		中信期货	756		-290		
9		永安期货	708		-164		
10		鲁证期货	606		59		
11		中州期货	579		376		
12		瑞达期货	543		-359		
13		广发期货	502		-102		
14		南华期货	502		165		
15		先锋期货	501		-261		
16		上海大陆	500		-140		
17		申银万国	488		-17		
18		广州金控	484		-3		
19		华泰期货	475		17		
20		银河期货	444		-122		
总计				15,021		-2,418		

名次		会员简称	持卖单量	增减		
1		永安期货	2,241		-77		
2		汇鑫期货	1,531		-209		
3		方正中期	1,263		-567		
4		宝城期货	1,099		-1,137		
5		浙商期货	980		-177		
6		英大期货	956		26		
7		徽商期货	826		-116		
8		华泰期货	810		-229		
9		中辉期货	767		-755		
10		东方财富	717		-505		
11		银河期货	644		-239		
12		宏源期货	643		-387		
13		南华期货	635		-67		
14		东证期货	548		-102		
15		中信期货	521		-158		
16		光大期货	509		-182		
17		美尔雅期货	458		-70		
18		中信建投	453		-99		
19		长江期货	441		-8		
20		中粮期货	406		-103		
总计				16,448		-5,161		



会员类别	总成交量	增减		
期货公司会员	206,954		-4,719		

会员类别	总持买单量	增减		
期货公司会员	15,021		-2,418		

会员类别	总持卖单量	增减		
期货公司会员	16,448		-5,161		

