								大连商品交易所 成交量_买持仓_卖持仓排名	

合约代码：p2009		Date：2020-02-14	

			期货公司会员	

名次		会员简称	成交量		增减		
1		东证期货	58,921		-5,209		
2		光大期货	15,929		1,101		
3		中粮期货	11,616		3,735		
4		国元期货	9,697		-650		
5		华泰期货	7,731		-1,687		
6		永安期货	7,418		3,542		
7		华安期货	6,335		2,198		
8		国富期货	6,117		2,865		
9		申银万国	5,846		-4,642		
10		中信期货	5,067		-3,343		
11		一德期货	4,972		1,665		
12		海通期货	4,720		113		
13		国投安信	4,291		-113		
14		广发期货	4,218		-1,602		
15		安粮期货	4,106		1,389		
16		兴证期货	3,971		1,268		
17		银河期货	3,612		2,292		
18		招商期货	3,521		-8,492		
19		浙商期货	3,289		336		
20		长江期货	2,936		-1,249		
总计				174,313		-6,483		

名次		会员简称	持买单量	增减		
1		浙商期货	7,447		1,002		
2		建信期货	7,045		-50		
3		广发期货	6,703		1		
4		永安期货	6,060		507		
5		银河期货	5,614		2,247		
6		国富期货	5,374		2,799		
7		一德期货	4,012		1,618		
8		国投安信	3,911		523		
9		华安期货	3,880		1,565		
10		摩根大通	3,657		-150		
11		东证期货	2,803		166		
12		中粮期货	2,698		649		
13		信达期货	2,584		-29		
14		中信期货	2,563		-141		
15		申银万国	2,367		747		
16		华泰期货	1,464		-1,512		
17		金瑞期货	1,426		-223		
18		五矿经易	1,328		80		
19		上海大陆	1,102		-176		
20		中州期货	1,059		659		
总计				73,097		10,282		

名次		会员简称	持卖单量	增减		
1		中粮期货	14,131		8,201		
2		永安期货	11,690		3,585		
3		国投安信	7,882		1,586		
4		中国国际	7,613		74		
5		国泰君安	6,946		213		
6		申银万国	5,450		-409		
7		宏源期货	4,100		13		
8		中信期货	3,918		-42		
9		建信期货	2,320		398		
10		广发期货	1,992		-3,549		
11		华泰期货	1,818		-87		
12		东证期货	1,736		189		
13		安粮期货	1,635		1,194		
14		海通期货	1,470		883		
15		一德期货	1,463		1,100		
16		南华期货	1,331		-85		
17		鲁证期货	1,326		727		
18		方正中期	1,306		-153		
19		中辉期货	1,156		0		
20		五矿经易	1,089		536		
总计				80,372		14,374		



会员类别	总成交量	增减		
期货公司会员	174,313		-6,483		

会员类别	总持买单量	增减		
期货公司会员	73,097		10,282		

会员类别	总持卖单量	增减		
期货公司会员	80,372		14,374		

