								大连商品交易所 成交量_买持仓_卖持仓排名	

合约代码：v2009		Date：2020-02-14	

			期货公司会员	

名次		会员简称	成交量		增减		
1		东证期货	4,784		1,609		
2		永安期货	1,789		163		
3		中天期货	1,431		1,083		
4		中国国际	965		-209		
5		海通期货	741		406		
6		中辉期货	600		391		
7		安粮期货	526		375		
8		中信期货	388		-164		
9		大通期货	357		357		
10		银河期货	327		291		
11		新湖期货	320		96		
12		长江期货	316		96		
13		鲁证期货	315		288		
14		中大期货	263		-16		
15		宏源期货	258		205		
16		申银万国	249		94		
17		宝城期货	241		161		
18		金瑞期货	234		109		
19		国投安信	227		219		
20		华金期货	226		226		
总计				14,557		5,780		

名次		会员简称	持买单量	增减		
1		永安期货	9,314		703		
2		信达期货	1,799		27		
3		中财期货	1,668		36		
4		中信期货	1,227		-60		
5		先锋期货	1,195		-66		
6		广州期货	1,036		-40		
7		中国国际	996		-1		
8		东证期货	940		-87		
9		上海大陆	817		0		
10		中大期货	812		139		
11		瑞达期货	791		-1		
12		一德期货	788		-26		
13		中信建投	774		15		
14		大地期货	675		-37		
15		浙商期货	673		106		
16		华安期货	654		-44		
17		银河期货	649		299		
18		神华期货	605		0		
19		大越期货	590		85		
20		东吴期货	583		0		
总计				26,586		1,048		

名次		会员简称	持卖单量	增减		
1		永安期货	7,045		130		
2		中信期货	5,255		-6		
3		国投安信	2,193		115		
4		中大期货	1,802		2		
5		大地期货	1,623		24		
6		东证期货	1,293		81		
7		银河期货	1,238		12		
8		中财期货	1,174		67		
9		浙商期货	1,052		11		
10		瑞达期货	1,014		-30		
11		华金期货	867		-108		
12		宏源期货	707		26		
13		国贸期货	642		-2		
14		东吴期货	597		-197		
15		前海期货	585		0		
16		申银万国	528		96		
17		鲁证期货	524		0		
18		国海良时	498		62		
19		大越期货	446		40		
20		平安期货	434		-1		
总计				29,517		322		



会员类别	总成交量	增减		
期货公司会员	14,557		5,780		

会员类别	总持买单量	增减		
期货公司会员	26,586		1,048		

会员类别	总持卖单量	增减		
期货公司会员	29,517		322		

