								大连商品交易所 成交量_买持仓_卖持仓排名	

合约代码：l2009		Date：2020-02-13	

			期货公司会员	

名次		会员简称	成交量		增减		
1		东证期货	16,668		2,477		
2		兴证期货	3,915		2,099		
3		中信期货	2,601		-200		
4		大地期货	1,808		906		
5		兴业期货	1,764		1,337		
6		光大期货	1,702		-274		
7		广发期货	1,576		38		
8		国富期货	1,509		625		
9		华泰期货	1,258		-557		
10		宏源期货	1,185		276		
11		国投安信	1,139		-333		
12		华安期货	1,042		223		
13		海通期货	968		150		
14		方正中期	922		129		
15		冠通期货	903		378		
16		建信期货	847		530		
17		中天期货	768		622		
18		国海良时	672		614		
19		中辉期货	620		321		
20		华信期货	594		237		
总计				42,461		9,598		

名次		会员简称	持买单量	增减		
1		永安期货	7,097		103		
2		南华期货	3,895		35		
3		华金期货	3,649		-5		
4		华泰期货	2,780		326		
5		中大期货	2,004		129		
6		方正中期	1,977		-96		
7		浙商期货	1,975		129		
8		弘业期货	1,900		95		
9		华安期货	1,838		86		
10		中粮期货	1,736		33		
11		海通期货	1,712		470		
12		东证期货	1,582		-179		
13		大地期货	1,520		978		
14		徽商期货	1,503		-25		
15		银河期货	1,469		12		
16		中信期货	1,364		-22		
17		东吴期货	1,335		2		
18		国投安信	1,318		133		
19		浙江新世纪	1,311		-2		
20		西南期货	1,270		110		
总计				43,235		2,312		

名次		会员简称	持卖单量	增减		
1		弘业期货	8,930		-91		
2		申银万国	8,871		-21		
3		华泰期货	6,476		300		
4		国投安信	5,235		776		
5		东证期货	4,882		779		
6		光大期货	3,194		7		
7		国海良时	2,843		631		
8		天风期货	2,785		-5		
9		中信期货	2,309		-127		
10		永安期货	2,186		132		
11		方正中期	2,132		14		
12		中国国际	1,685		-1		
13		建信期货	1,619		217		
14		大有期货	1,611		7		
15		一德期货	1,561		34		
16		浙商期货	1,542		54		
17		兴业期货	1,487		710		
18		信达期货	1,482		2		
19		冠通期货	1,373		1		
20		银河期货	1,307		-6		
总计				63,510		3,413		



会员类别	总成交量	增减		
期货公司会员	42,461		9,598		

会员类别	总持买单量	增减		
期货公司会员	43,235		2,312		

会员类别	总持卖单量	增减		
期货公司会员	63,510		3,413		

