								大连商品交易所 成交量_买持仓_卖持仓排名	

合约代码：c2009		Date：2020-03-03	

			期货公司会员	

名次		会员简称	成交量		增减		
1		东证期货	16,830		-10,446		
2		永安期货	13,210		1,873		
3		中信期货	11,064		-4,619		
4		徽商期货	10,699		-5,699		
5		海通期货	10,287		-7,992		
6		海证期货	8,388		1,679		
7		摩根大通	7,082		-1,853		
8		国泰君安	6,875		-5,838		
9		中国国际	6,104		5,637		
10		广州金控	4,853		-9,330		
11		光大期货	4,381		-3,379		
12		浙商期货	4,356		609		
13		中信建投	3,527		-798		
14		东海期货	3,324		-493		
15		华安期货	3,026		-892		
16		中粮期货	3,002		-7,635		
17		申银万国	2,896		-3,589		
18		华泰期货	2,760		-7,072		
19		国投安信	2,646		-3,779		
20		中财期货	2,455		877		
总计				127,765		-62,739		

名次		会员简称	持买单量	增减		
1		中财期货	30,522		2,173		
2		鲁证期货	29,050		952		
3		永安期货	27,052		5,752		
4		光大期货	23,579		-531		
5		中信期货	19,508		2,792		
6		一德期货	16,365		161		
7		建信期货	13,593		2,021		
8		国投安信	10,941		1,144		
9		中信建投	9,118		1,839		
10		海通期货	8,916		-366		
11		国泰君安	7,076		356		
12		招金期货	7,034		367		
13		东海期货	6,598		1,037		
14		中粮期货	6,490		-132		
15		北京首创	6,257		26		
16		民生期货	6,127		1		
17		中原期货	5,517		-370		
18		五矿经易	4,682		681		
19		华安期货	4,354		420		
20		浙商期货	4,251		128		
总计				247,030		18,451		

名次		会员简称	持卖单量	增减		
1		中粮期货	54,038		1,242		
2		国投安信	43,188		114		
3		中信期货	38,879		312		
4		金瑞期货	34,383		636		
5		永安期货	29,728		972		
6		摩根大通	20,900		5,974		
7		中辉期货	20,897		1		
8		浙商期货	14,525		4,102		
9		光大期货	12,915		554		
10		东证期货	11,402		-2,157		
11		国泰君安	7,771		-2,225		
12		银河期货	7,273		485		
13		徽商期货	7,065		-36		
14		中国国际	6,515		5,882		
15		南华期货	5,792		3		
16		海通期货	5,640		1,529		
17		华信期货	3,498		200		
18		华安期货	3,418		30		
19		冠通期货	2,959		-40		
20		中信建投	2,954		280		
总计				333,740		17,858		



会员类别	总成交量	增减		
期货公司会员	127,765		-62,739		

会员类别	总持买单量	增减		
期货公司会员	247,030		18,451		

会员类别	总持卖单量	增减		
期货公司会员	333,740		17,858		

