								大连商品交易所 成交量_买持仓_卖持仓排名	

合约代码：pp2005		Date：2020-03-02	

			期货公司会员	

名次		会员简称	成交量		增减		
1		东证期货	130,478		-11,926		
2		中信期货	46,575		2,595		
3		海通期货	33,128		-912		
4		国富期货	31,188		-2,673		
5		国泰君安	27,048		1,716		
6		华泰期货	19,935		-2,819		
7		永安期货	19,918		-834		
8		徽商期货	18,075		-3,823		
9		方正中期	17,577		124		
10		南华期货	17,216		-13,186		
11		华安期货	15,715		-3,851		
12		申银万国	13,271		-8,086		
13		美尔雅期货	12,246		7,886		
14		华西期货	10,571		6,580		
15		中财期货	10,133		4,646		
16		兴证期货	10,101		2,272		
17		光大期货	9,917		-4,007		
18		银河期货	9,792		-5,196		
19		东航期货	9,566		1,500		
20		广发期货	9,480		-4,049		
总计				471,930		-34,043		

名次		会员简称	持买单量	增减		
1		永安期货	30,409		-416		
2		方正中期	16,618		-373		
3		中信期货	13,096		873		
4		国投安信	11,546		317		
5		中信建投	11,311		-1,081		
6		弘业期货	11,219		60		
7		广发期货	9,831		-1,133		
8		南华期货	9,719		-980		
9		新湖期货	8,795		175		
10		建信期货	8,681		-24		
11		国泰君安	8,388		-1,473		
12		银河期货	8,263		1,216		
13		瑞达期货	8,094		-433		
14		浙商期货	7,996		131		
15		申银万国	7,979		532		
16		东证期货	6,380		-832		
17		海通期货	6,310		678		
18		华泰期货	6,149		-3,369		
19		国贸期货	6,067		-58		
20		徽商期货	5,543		-1,260		
总计				202,394		-7,450		

名次		会员简称	持卖单量	增减		
1		申银万国	28,921		-1,217		
2		永安期货	27,992		-3,562		
3		银河期货	14,219		-208		
4		浙商期货	14,091		265		
5		国泰君安	12,546		-651		
6		华泰期货	12,347		1,954		
7		南华期货	12,101		530		
8		中银国际	11,425		428		
9		中信期货	11,138		-2,044		
10		中大期货	8,859		1,774		
11		瑞达期货	8,207		73		
12		东证期货	7,993		-1,838		
13		倍特期货	7,105		-1,799		
14		东吴期货	6,693		-304		
15		方正中期	6,643		46		
16		中财期货	6,153		2		
17		宝城期货	5,727		-157		
18		国富期货	5,134		771		
19		中信建投	5,054		764		
20		兴业期货	4,942		-130		
总计				217,290		-5,303		



会员类别	总成交量	增减		
期货公司会员	471,930		-34,043		

会员类别	总持买单量	增减		
期货公司会员	202,394		-7,450		

会员类别	总持卖单量	增减		
期货公司会员	217,290		-5,303		

