								大连商品交易所 成交量_买持仓_卖持仓排名	

合约代码：c2005		Date：2020-02-14	

			期货公司会员	

名次		会员简称	成交量		增减		
1		东证期货	93,361		45,385		
2		国泰君安	70,533		34,939		
3		天风期货	46,005		27,411		
4		中信期货	20,293		9,503		
5		银河期货	16,630		10,428		
6		徽商期货	15,681		10,220		
7		永安期货	14,078		5,251		
8		广州金控	13,869		5,168		
9		五矿经易	12,691		11,349		
10		光大期货	11,941		7,269		
11		国信期货	10,844		7,614		
12		冠通期货	10,781		9,553		
13		国投安信	10,308		5,441		
14		申银万国	10,229		5,419		
15		华泰期货	9,027		5,599		
16		海通期货	8,193		4,538		
17		海证期货	7,952		4,946		
18		兴证期货	6,688		3,252		
19		招商期货	6,270		3,423		
20		国富期货	5,604		-829		
总计				400,978		215,879		

名次		会员简称	持买单量	增减		
1		永安期货	151,871		2,929		
2		东证期货	27,786		5,799		
3		国泰君安	23,394		199		
4		中信期货	22,528		1,490		
5		建信期货	18,931		-215		
6		五矿经易	18,592		-9,363		
7		中粮期货	15,353		155		
8		中信建投	15,319		267		
9		国投安信	15,128		3,761		
10		方正中期	13,494		-821		
11		海通期货	13,153		-433		
12		新湖期货	10,285		495		
13		光大期货	9,048		-82		
14		广发期货	8,769		-1,191		
15		广州金控	8,063		-117		
16		华泰期货	7,500		-791		
17		摩根大通	6,175		0		
18		银河期货	6,110		-2,955		
19		徽商期货	5,771		-400		
20		东吴期货	5,393		-909		
总计				402,663		-2,182		

名次		会员简称	持卖单量	增减		
1		中信期货	98,685		-1,963		
2		中粮期货	47,908		-2,971		
3		永安期货	42,741		-2,707		
4		东证期货	39,323		-848		
5		国投安信	34,982		-2,225		
6		兴业期货	24,259		214		
7		中国国际	23,606		-2		
8		华泰期货	17,490		592		
9		光大期货	14,683		243		
10		金瑞期货	12,957		-631		
11		银河期货	12,666		643		
12		摩根大通	11,297		0		
13		国贸期货	10,181		10		
14		大有期货	10,046		-6		
15		中辉期货	9,725		-252		
16		新湖期货	8,477		215		
17		兴证期货	7,302		1,629		
18		北京首创	6,752		107		
19		信达期货	6,499		-87		
20		瑞达期货	6,088		210		
总计				445,667		-7,829		



会员类别	总成交量	增减		
期货公司会员	400,978		215,879		

会员类别	总持买单量	增减		
期货公司会员	402,663		-2,182		

会员类别	总持卖单量	增减		
期货公司会员	445,667		-7,829		

