								大连商品交易所 成交量_买持仓_卖持仓排名	

合约代码：jd2009		Date：2020-03-02	

			期货公司会员	

名次		会员简称	成交量		增减		
1		东证期货	9,195		6,084		
2		国富期货	6,950		-661		
3		徽商期货	5,770		-3,552		
4		中信建投	4,085		323		
5		中信期货	3,744		-989		
6		方正中期	3,694		-1,053		
7		海通期货	3,687		-254		
8		宏源期货	3,218		-910		
9		华泰期货	3,216		-663		
10		华安期货	3,167		-2,452		
11		申银万国	2,977		-1,276		
12		东吴期货	2,814		-7,987		
13		天风期货	1,938		-1,948		
14		广发期货	1,780		-1,380		
15		银河期货	1,731		-1,544		
16		国泰君安	1,730		-2,039		
17		永安期货	1,646		-271		
18		长江期货	1,644		-276		
19		国投安信	1,558		-404		
20		上海大陆	1,479		-118		
总计				66,023		-21,370		

名次		会员简称	持买单量	增减		
1		国泰君安	3,887		112		
2		宏源期货	3,323		-28		
3		中信期货	2,226		706		
4		中州期货	2,190		44		
5		徽商期货	2,175		795		
6		国海良时	1,778		-4		
7		新湖期货	1,678		-124		
8		瑞达期货	1,626		107		
9		华信期货	1,584		256		
10		华安期货	1,448		38		
11		中国国际	1,121		-25		
12		东海期货	1,043		118		
13		永安期货	1,022		95		
14		方正中期	981		11		
15		国富期货	957		344		
16		银河期货	953		69		
17		广发期货	917		-161		
18		华泰期货	890		223		
19		东证期货	854		-199		
20		申银万国	837		157		
总计				31,490		2,534		

名次		会员简称	持卖单量	增减		
1		华泰期货	2,804		-857		
2		国泰君安	2,234		-526		
3		徽商期货	2,000		385		
4		宏源期货	1,854		80		
5		永安期货	1,837		71		
6		方正中期	1,716		751		
7		长江期货	1,599		82		
8		中国国际	1,494		348		
9		格林大华	1,432		22		
10		中信期货	1,355		518		
11		国富期货	1,351		-2		
12		东证期货	1,336		114		
13		广发期货	1,321		233		
14		东海期货	1,306		-106		
15		银河期货	1,205		94		
16		申银万国	1,157		46		
17		华安期货	1,091		131		
18		安粮期货	1,069		306		
19		东方财富	965		191		
20		中辉期货	956		261		
总计				30,082		2,142		



会员类别	总成交量	增减		
期货公司会员	66,023		-21,370		

会员类别	总持买单量	增减		
期货公司会员	31,490		2,534		

会员类别	总持卖单量	增减		
期货公司会员	30,082		2,142		

