								大连商品交易所 成交量_买持仓_卖持仓排名	

合约代码：y2005		Date：2020-02-13	

			期货公司会员	

名次		会员简称	成交量		增减		
1		东证期货	202,953		32,375		
2		兴证期货	63,764		1,477		
3		光大期货	61,865		4,095		
4		申银万国	35,930		4,942		
5		中信期货	32,934		-6,967		
6		国富期货	28,094		4,013		
7		国泰君安	25,703		-118		
8		徽商期货	23,826		7,103		
9		永安期货	23,048		4,781		
10		方正中期	21,487		6,746		
11		华安期货	20,752		7,315		
12		华泰期货	19,969		8,091		
13		银河期货	19,042		11,239		
14		海通期货	18,133		5,601		
15		国信期货	17,887		7,819		
16		国投安信	16,451		-5,861		
17		建信期货	15,745		5,522		
18		国元期货	15,251		710		
19		浙商期货	14,208		2,783		
20		海证期货	12,303		2,980		
总计				689,345		104,646		

名次		会员简称	持买单量	增减		
1		永安期货	36,104		780		
2		东证期货	20,607		1,667		
3		中信期货	19,738		929		
4		中粮期货	18,082		40		
5		信达期货	14,283		-2,933		
6		国泰君安	12,030		3,372		
7		银河期货	11,578		1,039		
8		中财期货	11,545		185		
9		光大期货	10,900		896		
10		浙商期货	9,861		15		
11		五矿经易	8,113		412		
12		华泰期货	7,898		995		
13		北京首创	7,153		-952		
14		申银万国	7,094		313		
15		兴业期货	6,658		-100		
16		宏源期货	6,445		358		
17		中信建投	5,533		340		
18		格林大华	5,481		90		
19		金瑞期货	4,750		-1,005		
20		南华期货	4,606		104		
总计				228,459		6,545		

名次		会员简称	持卖单量	增减		
1		国投安信	38,013		-3,266		
2		中粮期货	35,943		1,301		
3		摩根大通	27,585		-623		
4		中信期货	21,142		-161		
5		银河期货	19,390		-1,035		
6		信达期货	18,669		70		
7		新湖期货	18,558		-186		
8		国泰君安	15,548		2,701		
9		鲁证期货	15,086		1,240		
10		一德期货	14,852		288		
11		安粮期货	10,720		2,945		
12		永安期货	10,658		1,590		
13		平安期货	10,432		259		
14		南华期货	8,767		1,674		
15		海通期货	8,286		-306		
16		东证期货	7,521		976		
17		宏源期货	6,005		-845		
18		五矿经易	5,997		-154		
19		北京金鹏	5,040		-119		
20		华泰期货	4,619		424		
总计				302,831		6,773		



会员类别	总成交量	增减		
期货公司会员	689,345		104,646		

会员类别	总持买单量	增减		
期货公司会员	228,459		6,545		

会员类别	总持卖单量	增减		
期货公司会员	302,831		6,773		

