								大连商品交易所 成交量_买持仓_卖持仓排名	

合约代码：y2005		Date：2020-03-13	

			期货公司会员	

名次		会员简称	成交量		增减		
1		东证期货	269,922		-17,757		
2		兴证期货	61,468		5,906		
3		中信期货	38,325		8,354		
4		国泰君安	38,314		1,141		
5		海通期货	30,618		-1,585		
6		光大期货	30,350		5,512		
7		申银万国	27,421		-13,604		
8		国富期货	26,540		-13,174		
9		国元期货	22,964		10,339		
10		浙商期货	17,843		2,812		
11		华安期货	17,123		-119		
12		华西期货	15,906		8,475		
13		永安期货	14,895		-2,771		
14		方正中期	12,965		-5,911		
15		华泰期货	11,621		-4,512		
16		国投安信	11,379		-2,486		
17		徽商期货	11,090		-3,207		
18		金瑞期货	10,965		-903		
19		华信期货	9,825		-4,953		
20		东方财富	9,390		380		
总计				688,924		-28,063		

名次		会员简称	持买单量	增减		
1		中粮期货	55,395		-435		
2		永安期货	16,710		35		
3		国投安信	16,249		-3,516		
4		信达期货	11,722		-1,465		
5		中信期货	6,514		-3,448		
6		浙商期货	6,389		-820		
7		广发期货	6,278		1,392		
8		摩根大通	6,144		0		
9		银河期货	5,968		-316		
10		西南期货	5,017		-245		
11		宏源期货	4,939		-258		
12		华信期货	4,680		1,873		
13		兴业期货	4,479		60		
14		东证期货	4,383		-1,168		
15		格林大华	4,197		-418		
16		国泰君安	3,938		-4,290		
17		申银万国	3,912		647		
18		金瑞期货	3,890		-56		
19		南华期货	3,629		-24		
20		中信建投	3,387		-252		
总计				177,820		-12,704		

名次		会员简称	持卖单量	增减		
1		国投安信	23,790		129		
2		中粮期货	19,998		-394		
3		信达期货	18,170		158		
4		一德期货	18,066		-2,359		
5		中信期货	16,142		-1,483		
6		新湖期货	15,561		-541		
7		银河期货	14,104		-1,199		
8		国泰君安	12,450		-768		
9		摩根大通	11,875		-176		
10		海通期货	11,562		-1,606		
11		鲁证期货	10,490		-57		
12		申银万国	7,771		1,912		
13		建信期货	6,637		41		
14		南华期货	6,566		-516		
15		永安期货	5,880		-2,392		
16		东证期货	5,431		-2,282		
17		北京金鹏	4,219		-154		
18		国富期货	4,020		-358		
19		安粮期货	3,931		1,210		
20		华泰期货	3,904		-3,213		
总计				220,567		-14,048		



会员类别	总成交量	增减		
期货公司会员	688,924		-28,063		

会员类别	总持买单量	增减		
期货公司会员	177,820		-12,704		

会员类别	总持卖单量	增减		
期货公司会员	220,567		-14,048		

