								大连商品交易所 成交量_买持仓_卖持仓排名	

合约代码：eb2005		Date：2020-02-14	

			期货公司会员	

名次		会员简称	成交量		增减		
1		东证期货	8,168		-1,580		
2		中信期货	5,080		289		
3		永安期货	3,068		1,234		
4		海通期货	2,217		100		
5		国富期货	2,060		-819		
6		徽商期货	2,033		-118		
7		华泰期货	1,854		-351		
8		国泰君安	1,212		142		
9		兴证期货	1,184		145		
10		南华期货	1,133		265		
11		先锋期货	1,030		-19		
12		一德期货	967		469		
13		弘业期货	959		592		
14		银河期货	939		76		
15		东吴期货	922		-410		
16		华闻期货	889		37		
17		中信建投	841		125		
18		五矿经易	836		-386		
19		华安期货	830		58		
20		招金期货	830		732		
总计				37,052		581		

名次		会员简称	持买单量	增减		
1		永安期货	10,606		-1,227		
2		华泰期货	9,461		-11		
3		浙商期货	3,436		-34		
4		一德期货	3,173		-118		
5		东海期货	2,759		-483		
6		五矿经易	2,484		52		
7		鲁证期货	2,064		0		
8		广发期货	1,479		57		
9		方正中期	1,373		32		
10		国泰君安	1,123		0		
11		银河期货	1,098		70		
12		东证期货	1,066		154		
13		中信期货	1,038		10		
14		海证期货	1,033		-10		
15		北京首创	1,018		30		
16		申银万国	765		-113		
17		新湖期货	685		285		
18		弘业期货	630		298		
19		中粮期货	595		19		
20		南华期货	547		-92		
总计				46,433		-1,081		

名次		会员简称	持卖单量	增减		
1		永安期货	4,553		333		
2		南华期货	3,362		181		
3		华泰期货	2,892		-205		
4		招商期货	2,854		70		
5		五矿经易	2,749		38		
6		国联期货	2,194		147		
7		海通期货	2,165		-25		
8		中财期货	2,122		153		
9		国泰君安	2,117		-132		
10		东证期货	2,103		-80		
11		银河期货	2,070		325		
12		鲁证期货	1,884		-8		
13		国投安信	1,878		43		
14		上海中期	1,742		-30		
15		一德期货	1,733		109		
16		中信期货	1,702		84		
17		大地期货	1,204		-72		
18		冠通期货	1,073		-102		
19		国贸期货	1,000		0		
20		天风期货	974		198		
总计				42,371		1,027		



会员类别	总成交量	增减		
期货公司会员	37,052		581		

会员类别	总持买单量	增减		
期货公司会员	46,433		-1,081		

会员类别	总持卖单量	增减		
期货公司会员	42,371		1,027		

