								大连商品交易所 成交量_买持仓_卖持仓排名	

合约代码：eb2005		Date：2020-02-19	

			期货公司会员	

名次		会员简称	成交量		增减		
1		东证期货	8,539		-980		
2		中信期货	3,321		-106		
3		国富期货	3,210		570		
4		津投期货	3,031		2,927		
5		永安期货	2,308		676		
6		徽商期货	2,144		-384		
7		海通期货	2,133		-51		
8		新纪元期货	2,065		1,770		
9		华泰期货	1,813		13		
10		五矿经易	1,666		313		
11		一德期货	1,665		813		
12		格林大华	1,588		-1,267		
13		南华期货	1,583		680		
14		中信建投	1,464		49		
15		方正中期	1,461		-73		
16		银河期货	1,380		596		
17		国泰君安	1,232		-16		
18		华安期货	1,209		168		
19		国海良时	1,161		0		
20		瑞达期货	1,130		352		
总计				44,103		6,050		

名次		会员简称	持买单量	增减		
1		永安期货	10,519		-285		
2		华泰期货	9,984		25		
3		一德期货	3,296		802		
4		浙商期货	3,112		105		
5		东海期货	2,764		-41		
6		五矿经易	2,618		202		
7		鲁证期货	2,257		98		
8		天风期货	2,186		349		
9		广发期货	1,659		31		
10		方正中期	1,610		103		
11		弘业期货	1,321		380		
12		北京首创	1,257		36		
13		国泰君安	1,188		47		
14		银河期货	1,186		5		
15		南华期货	944		438		
16		东证期货	898		-45		
17		新湖期货	845		-50		
18		国海良时	811		422		
19		中粮期货	811		185		
20		中信期货	807		-170		
总计				50,073		2,637		

名次		会员简称	持卖单量	增减		
1		五矿经易	4,784		618		
2		永安期货	4,724		357		
3		南华期货	3,857		279		
4		招商期货	3,817		355		
5		中财期货	3,051		83		
6		国联期货	2,997		265		
7		华泰期货	2,579		132		
8		东证期货	2,460		54		
9		银河期货	2,396		59		
10		海通期货	2,138		22		
11		中信期货	2,089		-47		
12		鲁证期货	2,080		52		
13		上海中期	1,972		-13		
14		国泰君安	1,932		93		
15		国投安信	1,710		-66		
16		一德期货	1,704		-67		
17		大地期货	1,677		-9		
18		中国国际	1,251		4		
19		冠通期货	1,088		3		
20		东吴期货	1,019		375		
总计				49,325		2,549		



会员类别	总成交量	增减		
期货公司会员	44,103		6,050		

会员类别	总持买单量	增减		
期货公司会员	50,073		2,637		

会员类别	总持卖单量	增减		
期货公司会员	49,325		2,549		

