								大连商品交易所 成交量_买持仓_卖持仓排名	

合约代码：a2005		Date：20200305	

			期货公司会员	

名次		会员简称	成交量		增减		
1		华泰期货	31,433		12,429		
2		中信期货	27,848		5,028		
3		徽商期货	26,465		9,714		
4		东证期货	24,379		5,072		
5		国富期货	19,627		8,116		
6		华安期货	17,857		3,863		
7		国泰君安	17,597		6,736		
8		方正中期	14,607		3,330		
9		海通期货	12,191		818		
10		华信期货	11,933		1,282		
11		东方财富	11,908		3,588		
12		申银万国	9,813		4,609		
13		中信建投	8,456		4,624		
14		中辉期货	7,951		4,106		
15		宏源期货	7,558		915		
16		鲁证期货	7,125		1,765		
17		美尔雅期货	6,731		-3,686		
18		兴证期货	6,687		1,830		
19		银河期货	6,533		1,591		
20		渤海期货	6,504		2,460		
总计				283,203		78,190		

名次		会员简称	持买单量	增减		
1		浙商期货	11,193		-32		
2		中信期货	8,867		318		
3		永安期货	7,612		-413		
4		鲁证期货	7,334		297		
5		国投安信	5,365		-1,803		
6		海通期货	5,247		1,776		
7		东证期货	5,113		545		
8		方正中期	4,866		1,571		
9		兴证期货	4,335		566		
10		中信建投	3,824		865		
11		北京首创	3,410		-113		
12		华泰期货	3,201		717		
13		国泰君安	3,125		-597		
14		东吴期货	2,737		194		
15		广发期货	2,730		211		
16		银河期货	2,728		256		
17		一德期货	2,648		55		
18		中财期货	2,600		38		
19		国联期货	2,312		394		
20		徽商期货	2,261		790		
总计				91,508		5,635		

名次		会员简称	持卖单量	增减		
1		光大期货	6,281		857		
2		中信期货	5,663		270		
3		五矿经易	5,662		1,041		
4		国投安信	5,610		423		
5		东证期货	5,256		-394		
6		中国国际	5,024		64		
7		华安期货	4,956		997		
8		永安期货	4,544		297		
9		东方财富	3,763		654		
10		广州金控	3,662		162		
11		南华期货	3,621		275		
12		徽商期货	3,580		797		
13		鲁证期货	3,420		972		
14		宏源期货	3,102		449		
15		渤海期货	3,010		29		
16		银河期货	3,006		211		
17		中信建投	2,895		507		
18		申银万国	2,599		307		
19		招商期货	2,191		56		
20		浙商期货	2,127		208		
总计				79,972		8,182		



会员类别	总成交量	增减		
期货公司会员	283,203		78,190		

会员类别	总持买单量	增减		
期货公司会员	91,508		5,635		

会员类别	总持卖单量	增减		
期货公司会员	79,972		8,182		

