								大连商品交易所 成交量_买持仓_卖持仓排名	

合约代码：a2005		Date：20200309	

			期货公司会员	

名次		会员简称	成交量		增减		
1		国富期货	34,585		17,133		
2		东证期货	31,861		14,064		
3		华泰期货	31,460		12,790		
4		中信期货	28,651		10,719		
5		徽商期货	27,618		15,045		
6		海通期货	17,765		10,293		
7		华安期货	17,326		6,110		
8		方正中期	16,695		6,627		
9		华信期货	15,954		8,659		
10		国泰君安	15,417		4,588		
11		东方财富	14,243		7,646		
12		申银万国	10,962		4,548		
13		银河期货	9,669		4,410		
14		宏源期货	9,314		4,435		
15		中信建投	8,969		5,616		
16		鲁证期货	8,848		4,782		
17		五矿经易	8,422		5,060		
18		永安期货	7,629		3,646		
19		中辉期货	7,177		4,531		
20		南华期货	7,067		4,589		
总计				329,632		155,291		

名次		会员简称	持买单量	增减		
1		浙商期货	11,687		1,020		
2		鲁证期货	7,391		154		
3		永安期货	7,334		6		
4		中信期货	7,115		-1,966		
5		国投安信	6,572		930		
6		东证期货	4,500		-851		
7		海通期货	4,388		-1,589		
8		北京首创	3,668		429		
9		一德期货	3,236		747		
10		兴证期货	2,771		-1,115		
11		中财期货	2,627		182		
12		广发期货	2,478		-131		
13		方正中期	2,361		-1,425		
14		南华期货	2,326		327		
15		东吴期货	2,147		-560		
16		国联期货	2,122		-173		
17		华泰期货	2,098		-1,711		
18		银河期货	2,093		-651		
19		国泰君安	1,939		-1,096		
20		申银万国	1,728		-223		
总计				80,581		-7,696		

名次		会员简称	持卖单量	增减		
1		光大期货	5,686		-457		
2		中信期货	5,270		-441		
3		东证期货	5,143		-96		
4		国投安信	4,795		-444		
5		中国国际	4,773		-43		
6		广州金控	3,725		228		
7		华安期货	3,588		-586		
8		鲁证期货	3,243		-274		
9		渤海期货	3,145		-66		
10		南华期货	2,904		-678		
11		东方财富	2,624		-435		
12		永安期货	2,424		-2,087		
13		徽商期货	2,416		-625		
14		申银万国	2,230		-405		
15		招商期货	2,100		6		
16		中信建投	2,058		-405		
17		浙商期货	1,994		-29		
18		宏源期货	1,876		-371		
19		华泰期货	1,699		-121		
20		国泰君安	1,683		-159		
总计				63,376		-7,488		



会员类别	总成交量	增减		
期货公司会员	329,632		155,291		

会员类别	总持买单量	增减		
期货公司会员	80,581		-7,696		

会员类别	总持卖单量	增减		
期货公司会员	63,376		-7,488		

