								大连商品交易所 成交量_买持仓_卖持仓排名	

合约代码：m2007		Date：2020-02-13	

			期货公司会员	

名次		会员简称	成交量		增减		
1		方正中期	19,670		-105		
2		东证期货	12,879		2,015		
3		浙商期货	7,572		1,066		
4		银河期货	6,017		843		
5		中粮期货	5,525		-954		
6		西部期货	5,465		-59		
7		格林大华	5,446		-3,852		
8		鲁证期货	5,259		1,019		
9		海通期货	5,001		-474		
10		光大期货	4,381		1,764		
11		南华期货	4,336		-2,722		
12		新湖期货	4,072		825		
13		弘业期货	3,801		-775		
14		上海中期	3,437		-2,600		
15		国海良时	3,232		26		
16		申银万国	3,197		-2,682		
17		平安期货	3,106		-1,756		
18		上海东亚	2,994		2,994		
19		招金期货	2,968		-2,076		
20		华联期货	2,939		2,939		
总计				111,297		-4,564		

名次		会员简称	持买单量	增减		
1		上海中期	8,831		-1,703		
2		鲁证期货	7,640		184		
3		南华期货	7,164		-276		
4		新湖期货	7,037		962		
5		国投安信	5,425		48		
6		方正中期	5,060		-19		
7		格林大华	4,931		1,192		
8		海通期货	2,076		-10		
9		申银万国	2,038		-11		
10		国海良时	1,703		-4		
11		中粮期货	1,448		-1,534		
12		弘业期货	1,257		18		
13		银河期货	969		-67		
14		迈科期货	737		-31		
15		东证期货	364		-26		
16		广发期货	275		-1		
17		福能期货	274		-5		
18		国泰君安	271		10		
19		美尔雅期货	249		16		
20		北京首创	202		-1		
总计				57,951		-1,258		

名次		会员简称	持卖单量	增减		
1		上海中期	8,816		-1,720		
2		鲁证期货	7,625		179		
3		新湖期货	7,236		1,162		
4		南华期货	6,895		-170		
5		国投安信	5,179		10		
6		方正中期	5,039		3		
7		格林大华	4,881		1,200		
8		申银万国	2,032		-2		
9		海通期货	2,025		-13		
10		国海良时	1,689		-22		
11		兴证期货	1,609		0		
12		中粮期货	1,415		-1,521		
13		弘业期货	1,241		17		
14		永安期货	1,049		-5		
15		迈科期货	679		-42		
16		宏源期货	567		11		
17		中信期货	511		511		
18		广州金控	410		0		
19		摩根大通	400		0		
20		中大期货	301		1		
总计				59,599		-401		



会员类别	总成交量	增减		
期货公司会员	111,297		-4,564		

会员类别	总持买单量	增减		
期货公司会员	57,951		-1,258		

会员类别	总持卖单量	增减		
期货公司会员	59,599		-401		

