								大连商品交易所 成交量_买持仓_卖持仓排名	

合约代码：a2005		Date：2020-03-02	

			期货公司会员	

名次		会员简称	成交量		增减		
1		华泰期货	27,755		-4,483		
2		东证期货	21,943		-4,334		
3		中信期货	20,377		-5,738		
4		国泰君安	15,074		-4,856		
5		华安期货	12,431		-7,185		
6		徽商期货	12,055		-7,167		
7		海通期货	11,701		-4,997		
8		方正中期	11,178		-6,521		
9		东方财富	8,694		-2,189		
10		国富期货	7,766		-239		
11		宏源期货	6,792		-3,299		
12		华信期货	6,310		-8,950		
13		美尔雅期货	5,916		2,316		
14		申银万国	5,769		-2,521		
15		银河期货	5,756		-1,397		
16		光大期货	5,546		-3,530		
17		鲁证期货	5,068		-5,926		
18		兴证期货	5,044		-2,708		
19		中辉期货	4,593		-2,390		
20		长江期货	4,361		-1,747		
总计				204,129		-77,861		

名次		会员简称	持买单量	增减		
1		浙商期货	11,383		672		
2		国投安信	9,326		239		
3		中信期货	8,570		-186		
4		永安期货	8,337		164		
5		鲁证期货	7,895		-261		
6		北京首创	3,793		-223		
7		东证期货	3,403		116		
8		兴证期货	3,142		616		
9		一德期货	2,952		-263		
10		国泰君安	2,939		-67		
11		海通期货	2,865		-320		
12		广发期货	2,467		10		
13		华泰期货	2,432		12		
14		方正中期	2,416		218		
15		中信建投	2,324		64		
16		中财期货	2,232		-8		
17		银河期货	2,110		-258		
18		东吴期货	1,869		325		
19		南华期货	1,848		164		
20		广州金控	1,809		42		
总计				84,112		1,056		

名次		会员简称	持卖单量	增减		
1		东证期货	5,655		-95		
2		光大期货	5,096		-38		
3		中国国际	4,896		94		
4		国投安信	4,874		-224		
5		中信期货	4,766		-41		
6		永安期货	4,314		-592		
7		五矿经易	4,078		-17		
8		广州金控	3,682		-41		
9		华安期货	3,638		78		
10		徽商期货	3,257		327		
11		南华期货	3,004		434		
12		渤海期货	2,794		7		
13		银河期货	2,791		-382		
14		中信建投	2,264		136		
15		东方财富	2,217		276		
16		招商期货	2,130		32		
17		宏源期货	2,123		-81		
18		申银万国	1,825		-34		
19		浙商期货	1,762		-146		
20		华泰期货	1,616		257		
总计				66,782		-50		



会员类别	总成交量	增减		
期货公司会员	204,129		-77,861		

会员类别	总持买单量	增减		
期货公司会员	84,112		1,056		

会员类别	总持卖单量	增减		
期货公司会员	66,782		-50		

