								大连商品交易所 成交量_买持仓_卖持仓排名	

合约代码：i2009		Date：2020-03-13	

			期货公司会员	

名次		会员简称	成交量		增减		
1		东证期货	142,208		62,501		
2		光大期货	34,347		13,289		
3		国泰君安	34,197		22,495		
4		中信期货	33,561		15,055		
5		东海期货	27,980		21,622		
6		永安期货	25,833		12,175		
7		申银万国	23,176		12,216		
8		华泰期货	18,944		11,792		
9		方正中期	16,082		8,547		
10		天风期货	15,982		6,837		
11		一德期货	15,066		10,500		
12		海通期货	14,990		3,937		
13		五矿经易	14,770		12,576		
14		徽商期货	12,793		5,811		
15		宏源期货	11,042		6,597		
16		银河期货	10,859		6,179		
17		东吴期货	9,581		5,108		
18		安粮期货	9,451		3,210		
19		华安期货	9,280		2,059		
20		南华期货	8,255		1,817		
总计				488,397		244,323		

名次		会员简称	持买单量	增减		
1		申银万国	28,091		1,147		
2		银河期货	16,371		-2,765		
3		永安期货	16,344		336		
4		鲁证期货	15,948		55		
5		华泰期货	14,876		858		
6		海证期货	14,863		68		
7		中信期货	14,111		-1,064		
8		五矿经易	11,940		9,918		
9		东海期货	11,823		-2,924		
10		浙商期货	11,726		1,087		
11		一德期货	11,381		580		
12		广发期货	9,899		648		
13		国泰君安	8,368		531		
14		道通期货	8,010		4		
15		海通期货	6,730		1,053		
16		弘业期货	6,310		201		
17		大地期货	5,079		-34		
18		天风期货	4,791		-278		
19		招商期货	3,922		-527		
20		国投安信	3,531		-464		
总计				224,114		8,430		

名次		会员简称	持卖单量	增减		
1		永安期货	26,281		-1,429		
2		中信期货	25,202		2,343		
3		国泰君安	23,119		1,344		
4		东海期货	14,885		3,190		
5		乾坤期货	12,935		0		
6		银河期货	11,053		722		
7		方正中期	10,923		-1,771		
8		兴证期货	10,299		-6,061		
9		一德期货	9,067		168		
10		国贸期货	8,774		-546		
11		江苏东华	8,076		-1,514		
12		五矿经易	7,242		572		
13		申银万国	6,201		1,007		
14		鲁证期货	5,821		3,821		
15		海通期货	5,290		-1,033		
16		宏源期货	4,887		637		
17		华泰期货	4,712		1,872		
18		信达期货	4,520		1,274		
19		国投安信	4,303		628		
20		天风期货	4,269		-498		
总计				207,859		4,726		



会员类别	总成交量	增减		
期货公司会员	488,397		244,323		

会员类别	总持买单量	增减		
期货公司会员	224,114		8,430		

会员类别	总持卖单量	增减		
期货公司会员	207,859		4,726		

