								大连商品交易所 成交量_买持仓_卖持仓排名	

合约代码：jd2005		Date：2020-03-02	

			期货公司会员	

名次		会员简称	成交量		增减		
1		东证期货	147,346		122,575		
2		徽商期货	74,181		11,805		
3		中信期货	57,150		9,977		
4		华泰期货	54,792		9,622		
5		国富期货	48,856		7,619		
6		东方财富	47,468		7,117		
7		银河期货	43,906		18,946		
8		方正中期	43,870		4,542		
9		国泰君安	43,730		5,436		
10		华安期货	43,458		5,821		
11		东吴期货	41,675		3,313		
12		海通期货	38,224		2,426		
13		广发期货	35,785		-2,627		
14		中信建投	35,433		-6,494		
15		宏源期货	30,532		-242		
16		山西三立	29,794		6,432		
17		申银万国	26,443		4,028		
18		兴证期货	24,059		1,363		
19		永安期货	23,371		-286		
20		国投安信	20,492		5,248		
总计				910,565		216,621		

名次		会员简称	持买单量	增减		
1		中信期货	8,242		297		
2		方正中期	7,765		-188		
3		徽商期货	6,914		-513		
4		永安期货	6,400		235		
5		东方财富	6,110		-693		
6		国泰君安	5,997		-2,348		
7		华泰期货	5,351		-752		
8		海通期货	4,858		1,711		
9		广发期货	4,798		-281		
10		华安期货	4,704		794		
11		南华期货	4,542		-861		
12		中信建投	4,312		-389		
13		银河期货	4,042		-834		
14		新纪元期货	4,018		-777		
15		东证期货	3,922		-1,017		
16		兴证期货	3,830		156		
17		长江期货	3,777		150		
18		宏源期货	3,652		1,022		
19		申银万国	3,619		-352		
20		鲁证期货	3,553		-403		
总计				100,406		-5,043		

名次		会员简称	持卖单量	增减		
1		永安期货	10,322		150		
2		徽商期货	8,542		524		
3		方正中期	8,226		-1,212		
4		中信期货	7,644		-895		
5		宏源期货	6,317		-1,536		
6		华安期货	6,053		176		
7		华泰期货	5,787		-804		
8		中信建投	5,209		-994		
9		银河期货	5,078		240		
10		东证期货	4,910		345		
11		中辉期货	4,843		-482		
12		广发期货	4,811		374		
13		长江期货	4,530		981		
14		格林大华	4,376		4		
15		浙商期货	4,189		51		
16		美尔雅期货	4,144		-1,114		
17		申银万国	4,067		1,271		
18		东方财富	3,793		1,243		
19		汇鑫期货	3,792		95		
20		国泰君安	3,737		80		
总计				110,370		-1,503		



会员类别	总成交量	增减		
期货公司会员	910,565		216,621		

会员类别	总持买单量	增减		
期货公司会员	100,406		-5,043		

会员类别	总持卖单量	增减		
期货公司会员	110,370		-1,503		

