								大连商品交易所 成交量_买持仓_卖持仓排名	

合约代码：a2005		Date：20200312	

			期货公司会员	

名次		会员简称	成交量		增减		
1		华泰期货	20,389		9,299		
2		东证期货	16,161		4,996		
3		国富期货	13,063		5,498		
4		中信期货	12,978		3,037		
5		海通期货	9,996		4,811		
6		徽商期货	9,834		4,277		
7		华安期货	8,494		2,458		
8		国泰君安	7,681		3,572		
9		东方财富	6,349		1,633		
10		方正中期	5,598		1,546		
11		申银万国	4,875		1,959		
12		广州期货	4,641		2,387		
13		鲁证期货	3,841		1,305		
14		国投安信	3,725		1,491		
15		银河期货	3,576		1,938		
16		南华期货	3,510		1,516		
17		长江期货	3,506		2,038		
18		五矿经易	3,426		1,918		
19		北京首创	3,284		427		
20		金瑞期货	3,178		-34		
总计				148,105		56,072		

名次		会员简称	持买单量	增减		
1		浙商期货	11,495		-30		
2		国投安信	10,132		803		
3		永安期货	7,086		102		
4		鲁证期货	7,078		325		
5		中信期货	6,649		620		
6		一德期货	4,970		416		
7		北京首创	3,524		-90		
8		海通期货	3,025		-1,270		
9		南华期货	2,987		133		
10		东证期货	2,905		-276		
11		广发期货	2,561		66		
12		方正中期	2,229		-380		
13		华泰期货	2,122		-41		
14		国联期货	1,961		-104		
15		中财期货	1,910		72		
16		银河期货	1,904		-137		
17		兴证期货	1,803		-170		
18		国泰君安	1,752		-224		
19		渤海期货	1,495		-7		
20		东吴期货	1,373		142		
总计				78,961		-50		

名次		会员简称	持卖单量	增减		
1		东证期货	6,658		35		
2		中信期货	5,262		96		
3		中国国际	4,801		-18		
4		光大期货	4,673		-53		
5		国投安信	4,218		-762		
6		鲁证期货	3,789		422		
7		广州金控	3,209		-422		
8		渤海期货	2,960		-205		
9		华安期货	2,802		-483		
10		永安期货	2,671		-58		
11		中信建投	2,445		43		
12		徽商期货	2,313		28		
13		招商期货	2,311		22		
14		东方财富	2,234		-360		
15		申银万国	2,108		93		
16		浙商期货	1,952		-7		
17		一德期货	1,748		-416		
18		福能期货	1,660		5		
19		银河期货	1,654		197		
20		方正中期	1,587		220		
总计				61,055		-1,623		



会员类别	总成交量	增减		
期货公司会员	148,105		56,072		

会员类别	总持买单量	增减		
期货公司会员	78,961		-50		

会员类别	总持卖单量	增减		
期货公司会员	61,055		-1,623		

