								大连商品交易所 成交量_买持仓_卖持仓排名	

合约代码：c2005		Date：2020-03-02	

			期货公司会员	

名次		会员简称	成交量		增减		
1		东证期货	105,657		5,246		
2		国泰君安	90,728		-11,330		
3		天风期货	56,283		-3,869		
4		安粮期货	46,976		1,698		
5		徽商期货	29,325		9,875		
6		中信期货	28,608		-12,586		
7		广州金控	21,710		1,846		
8		银河期货	21,506		4,744		
9		光大期货	21,476		5,909		
10		海通期货	16,322		7,011		
11		永安期货	16,089		-1,824		
12		国富期货	15,821		3,377		
13		华泰期货	14,804		5,957		
14		申银万国	13,856		4,361		
15		兴证期货	11,214		95		
16		华闻期货	10,815		5,029		
17		冠通期货	9,501		6,514		
18		国投安信	9,220		-9,444		
19		广发期货	8,979		2,621		
20		新湖期货	8,492		1,854		
总计				557,382		27,084		

名次		会员简称	持买单量	增减		
1		永安期货	125,818		-5,373		
2		中财期货	49,748		989		
3		国投安信	29,606		-2,486		
4		中信期货	28,020		-653		
5		东证期货	24,143		-1,814		
6		五矿经易	19,195		-524		
7		徽商期货	12,424		4,625		
8		中粮期货	11,651		-2,926		
9		华泰期货	10,599		2,034		
10		国泰君安	10,163		1,992		
11		新湖期货	10,083		-543		
12		建信期货	8,990		-2,949		
13		中信建投	8,789		749		
14		光大期货	7,902		-635		
15		兴证期货	7,785		3,094		
16		方正中期	7,642		797		
17		银河期货	7,356		-2,380		
18		北京首创	6,331		-3,295		
19		广发期货	6,138		-394		
20		民生期货	5,253		-811		
总计				397,636		-10,503		

名次		会员简称	持卖单量	增减		
1		中信期货	95,585		-11,579		
2		中粮期货	49,752		923		
3		永安期货	42,490		1,758		
4		东证期货	33,245		407		
5		国投安信	25,156		1,884		
6		中辉期货	22,513		242		
7		兴业期货	20,443		-106		
8		金瑞期货	18,867		1,559		
9		华泰期货	17,828		-8		
10		光大期货	16,721		2,433		
11		银河期货	13,904		3,420		
12		国贸期货	10,210		588		
13		大有期货	10,050		32		
14		东海期货	8,112		18		
15		浙商期货	7,969		228		
16		新湖期货	7,823		277		
17		华安期货	7,029		820		
18		信达期货	6,828		112		
19		弘业期货	6,341		2,458		
20		摩根大通	6,277		-351		
总计				427,143		5,115		



会员类别	总成交量	增减		
期货公司会员	557,382		27,084		

会员类别	总持买单量	增减		
期货公司会员	397,636		-10,503		

会员类别	总持卖单量	增减		
期货公司会员	427,143		5,115		

