								大连商品交易所 成交量_买持仓_卖持仓排名	

合约代码：c2007		Date：2020-02-14	

			期货公司会员	

名次		会员简称	成交量		增减		
1		方正中期	3,439		2,055		
2		西部期货	2,788		1,312		
3		东证期货	2,502		312		
4		海通期货	2,456		874		
5		瑞达期货	1,563		829		
6		国海良时	1,274		477		
7		鲁证期货	1,188		210		
8		中信期货	1,112		396		
9		弘业期货	1,086		123		
10		华泰期货	1,059		988		
11		新湖期货	968		192		
12		浙商期货	800		-86		
13		天风期货	722		228		
14		国投安信	710		71		
15		中大期货	560		22		
16		锦泰期货	400		46		
17		格林大华	379		-668		
18		光大期货	338		104		
19		申银万国	322		-347		
20		永安期货	316		-85		
总计				23,982		7,053		

名次		会员简称	持买单量	增减		
1		鲁证期货	5,967		0		
2		东证期货	4,520		422		
3		新湖期货	3,640		484		
4		海通期货	3,585		276		
5		格林大华	3,577		192		
6		申银万国	3,202		-166		
7		瑞达期货	3,129		771		
8		方正中期	3,080		288		
9		中信期货	2,545		20		
10		国投安信	2,462		39		
11		国海良时	1,846		51		
12		弘业期货	1,497		262		
13		中大期货	1,292		-80		
14		东吴期货	501		13		
15		华金期货	429		0		
16		永安期货	364		-2		
17		华泰期货	351		-390		
18		银河期货	262		-20		
19		宏源期货	256		0		
20		海证期货	231		15		
总计				42,736		2,175		

名次		会员简称	持卖单量	增减		
1		鲁证期货	5,944		0		
2		海通期货	5,067		20		
3		东证期货	4,441		428		
4		新湖期货	3,695		484		
5		格林大华	3,566		187		
6		申银万国	3,190		-156		
7		瑞达期货	3,141		792		
8		方正中期	2,982		295		
9		国投安信	2,441		31		
10		浙商期货	2,085		10		
11		中信期货	1,991		-20		
12		国海良时	1,814		41		
13		弘业期货	1,497		262		
14		中大期货	1,292		-80		
15		永安期货	651		0		
16		东吴期货	480		0		
17		东航期货	122		11		
18		大地期货	96		0		
19		西部期货	89		-14		
20		华闻期货	88		28		
总计				44,672		2,319		



会员类别	总成交量	增减		
期货公司会员	23,982		7,053		

会员类别	总持买单量	增减		
期货公司会员	42,736		2,175		

会员类别	总持卖单量	增减		
期货公司会员	44,672		2,319		

