								大连商品交易所 成交量_买持仓_卖持仓排名	

合约代码：pp2009		Date：2020-03-02	

			期货公司会员	

名次		会员简称	成交量		增减		
1		东证期货	13,388		-5,843		
2		中信期货	4,586		-1,620		
3		海通期货	4,101		1,001		
4		国富期货	3,504		-1,211		
5		中大期货	3,033		-1,965		
6		南华期货	2,547		958		
7		徽商期货	2,472		175		
8		上海大陆	2,339		42		
9		方正中期	2,282		-684		
10		东吴期货	2,282		-586		
11		广发期货	2,134		671		
12		华金期货	1,962		949		
13		申银万国	1,957		-637		
14		华安期货	1,938		-49		
15		国投安信	1,846		-2,077		
16		上海中期	1,696		-3,117		
17		海证期货	1,638		-448		
18		弘业期货	1,618		-2,732		
19		永安期货	1,615		-651		
20		浙江新世纪	1,447		1,115		
总计				58,385		-16,709		

名次		会员简称	持买单量	增减		
1		永安期货	6,776		-95		
2		华泰期货	5,276		160		
3		南华期货	4,661		-914		
4		中信建投	4,280		-6		
5		国泰君安	3,906		308		
6		瑞达期货	3,606		-22		
7		国投安信	2,652		301		
8		建信期货	2,621		51		
9		方正中期	2,604		47		
10		浙商期货	2,543		-186		
11		新湖期货	2,424		114		
12		华金期货	2,159		1,079		
13		中大期货	2,122		-141		
14		大地期货	2,050		42		
15		中财期货	2,010		236		
16		鲁证期货	1,903		558		
17		中信期货	1,895		302		
18		徽商期货	1,404		207		
19		中国国际	1,367		17		
20		西南期货	1,346		3		
总计				57,605		2,061		

名次		会员简称	持卖单量	增减		
1		申银万国	10,591		-105		
2		弘业期货	9,714		-361		
3		国投安信	5,293		155		
4		永安期货	5,064		-98		
5		上海中期	4,691		372		
6		华泰期货	4,541		-386		
7		中大期货	3,983		2,370		
8		银河期货	3,278		628		
9		中财期货	2,904		12		
10		中银国际	2,232		195		
11		瑞达期货	2,122		-214		
12		中信期货	2,070		-254		
13		方正中期	2,034		-111		
14		天风期货	1,926		-16		
15		东海期货	1,524		-600		
16		东证期货	1,459		220		
17		浙江新世纪	1,398		1,143		
18		国贸期货	1,360		3		
19		海通期货	1,253		829		
20		五矿经易	1,241		331		
总计				68,678		4,113		



会员类别	总成交量	增减		
期货公司会员	58,385		-16,709		

会员类别	总持买单量	增减		
期货公司会员	57,605		2,061		

会员类别	总持卖单量	增减		
期货公司会员	68,678		4,113		

