								大连商品交易所 成交量_买持仓_卖持仓排名	

合约代码：m2101		Date：2020-03-13	

			期货公司会员	

名次		会员简称	成交量		增减		
1		方正中期	5,937		1,336		
2		广发期货	4,612		-1,479		
3		华信期货	4,084		2,679		
4		中信期货	3,485		242		
5		上海中期	2,660		1,588		
6		东证期货	2,636		-395		
7		国元期货	2,298		-1,684		
8		迈科期货	1,807		828		
9		光大期货	1,620		-303		
10		长江期货	1,614		609		
11		银河期货	1,547		593		
12		中粮期货	1,532		-12,936		
13		一德期货	1,376		1,069		
14		徽商期货	1,321		6		
15		国金期货	1,195		326		
16		海通期货	1,089		-1,279		
17		弘业期货	1,079		542		
18		永安期货	1,070		832		
19		中国国际	939		610		
20		安粮期货	933		-728		
总计				42,834		-7,544		

名次		会员简称	持买单量	增减		
1		上海中期	10,291		116		
2		广发期货	6,582		-2,336		
3		格林大华	5,266		493		
4		长江期货	3,577		749		
5		摩根大通	2,864		-542		
6		永安期货	2,202		-44		
7		安粮期货	2,167		150		
8		华鑫期货	2,063		212		
9		徽商期货	2,052		-83		
10		海通期货	1,973		-14		
11		中信期货	1,967		424		
12		中粮期货	1,841		646		
13		金元期货	1,814		-9		
14		国投安信	1,747		672		
15		浙商期货	1,616		458		
16		一德期货	1,383		653		
17		宏源期货	1,355		-163		
18		中国国际	1,093		593		
19		弘业期货	1,048		-97		
20		方正中期	1,042		-228		
总计				53,943		1,650		

名次		会员简称	持卖单量	增减		
1		中粮期货	34,020		-314		
2		摩根大通	10,037		0		
3		中信期货	5,126		-93		
4		国投安信	4,484		61		
5		美尔雅期货	3,421		230		
6		华信期货	2,288		2,204		
7		弘业期货	1,894		-768		
8		渤海期货	1,134		655		
9		平安期货	1,122		217		
10		一德期货	1,103		-197		
11		中财期货	1,010		207		
12		申银万国	954		-737		
13		银河期货	935		-180		
14		盛达期货	641		1		
15		五矿经易	630		382		
16		浙商期货	554		148		
17		中原期货	502		1		
18		倍特期货	502		0		
19		方正中期	482		-45		
20		东证期货	418		-9		
总计				71,257		1,763		



会员类别	总成交量	增减		
期货公司会员	42,834		-7,544		

会员类别	总持买单量	增减		
期货公司会员	53,943		1,650		

会员类别	总持卖单量	增减		
期货公司会员	71,257		1,763		

