								大连商品交易所 成交量_买持仓_卖持仓排名	

合约代码：v2005		Date：2020-03-13	

			期货公司会员	

名次		会员简称	成交量		增减		
1		东证期货	36,800		-9,016		
2		兴证期货	11,470		-2,677		
3		中信期货	8,566		1,018		
4		海通期货	7,544		3,678		
5		国富期货	6,977		653		
6		永安期货	6,681		-3,907		
7		徽商期货	6,474		3,309		
8		一德期货	6,247		4,348		
9		申银万国	5,985		34		
10		云晨期货	5,634		5,615		
11		国泰君安	5,462		-1,032		
12		宏源期货	4,836		-419		
13		方正中期	4,817		1,551		
14		长江期货	4,133		1,120		
15		中信建投	3,954		1,650		
16		华泰期货	3,870		781		
17		中财期货	3,088		415		
18		新湖期货	2,931		2,171		
19		光大期货	2,545		15		
20		华金期货	2,430		-144		
总计				140,444		9,163		

名次		会员简称	持买单量	增减		
1		永安期货	41,787		-1,488		
2		中信期货	13,842		-916		
3		东证期货	9,821		174		
4		国投安信	8,684		-249		
5		一德期货	5,790		304		
6		中大期货	5,314		-1,350		
7		华泰期货	4,864		326		
8		银河期货	4,800		-231		
9		浙商期货	4,564		-629		
10		中银国际	3,677		39		
11		中财期货	2,785		-101		
12		北京首创	2,659		71		
13		新湖期货	2,584		-120		
14		中粮期货	2,517		-52		
15		国泰君安	2,393		-240		
16		国海良时	2,341		-408		
17		建信期货	2,321		-26		
18		中信建投	2,266		-1,030		
19		兴业期货	2,204		294		
20		兴证期货	2,114		-747		
总计				127,327		-6,379		

名次		会员简称	持卖单量	增减		
1		东证期货	21,316		120		
2		永安期货	12,340		-811		
3		国泰君安	10,851		-64		
4		信达期货	7,264		71		
5		海通期货	6,694		454		
6		建信期货	5,540		79		
7		华泰期货	5,063		194		
8		长江期货	4,697		46		
9		华金期货	4,545		534		
10		方正中期	4,452		1,842		
11		中财期货	4,429		-229		
12		中信期货	3,906		-3,158		
13		广州期货	3,652		167		
14		中银国际	3,592		-12		
15		申银万国	3,469		1,147		
16		银河期货	3,169		1		
17		南华期货	2,919		-119		
18		浙江新世纪	2,860		-126		
19		国投安信	2,565		-143		
20		广发期货	2,314		70		
总计				115,637		63		



会员类别	总成交量	增减		
期货公司会员	140,444		9,163		

会员类别	总持买单量	增减		
期货公司会员	127,327		-6,379		

会员类别	总持卖单量	增减		
期货公司会员	115,637		63		

