								大连商品交易所 成交量_买持仓_卖持仓排名	

合约代码：eb2005		Date：2020-03-02	

			期货公司会员	

名次		会员简称	成交量		增减		
1		东证期货	15,511		1,935		
2		国富期货	5,008		518		
3		中信期货	4,901		352		
4		永安期货	4,198		1,823		
5		海通期货	3,596		-401		
6		华泰期货	3,446		-412		
7		徽商期货	3,128		757		
8		锦泰期货	2,283		2,158		
9		一德期货	2,081		-70		
10		南华期货	1,836		-2,042		
11		国泰君安	1,746		-200		
12		大地期货	1,617		629		
13		五矿经易	1,491		326		
14		方正中期	1,460		265		
15		格林大华	1,336		1,186		
16		兴业期货	1,236		-335		
17		银河期货	1,236		-405		
18		先锋期货	1,097		275		
19		光大期货	980		38		
20		华安期货	942		-334		
总计				59,129		6,063		

名次		会员简称	持买单量	增减		
1		华泰期货	10,212		230		
2		永安期货	7,880		-2,539		
3		一德期货	3,920		32		
4		浙商期货	3,256		309		
5		国海良时	3,032		-98		
6		东海期货	2,741		-177		
7		天风期货	2,563		-11		
8		五矿经易	2,491		-30		
9		鲁证期货	2,275		-68		
10		南华期货	2,153		214		
11		广发期货	1,725		-3		
12		弘业期货	1,546		355		
13		方正中期	1,226		278		
14		新湖期货	1,126		28		
15		中信期货	1,103		371		
16		国泰君安	1,036		-103		
17		银河期货	1,030		41		
18		东证期货	1,027		-94		
19		瑞达期货	1,026		110		
20		英大期货	988		598		
总计				52,356		-557		

名次		会员简称	持卖单量	增减		
1		南华期货	6,129		-298		
2		中财期货	5,438		181		
3		五矿经易	4,528		805		
4		招商期货	4,104		-12		
5		永安期货	4,018		163		
6		华信期货	3,834		380		
7		中信期货	2,840		332		
8		东证期货	2,286		-217		
9		鲁证期货	2,253		-83		
10		中信建投	2,141		450		
11		银河期货	2,055		151		
12		华泰期货	1,962		286		
13		一德期货	1,956		349		
14		国泰君安	1,795		-27		
15		东吴期货	1,555		-309		
16		国联期货	1,532		43		
17		大地期货	1,458		-256		
18		宏源期货	1,225		45		
19		国投安信	1,184		47		
20		天风期货	1,128		-89		
总计				53,421		1,941		



会员类别	总成交量	增减		
期货公司会员	59,129		6,063		

会员类别	总持买单量	增减		
期货公司会员	52,356		-557		

会员类别	总持卖单量	增减		
期货公司会员	53,421		1,941		

