								大连商品交易所 成交量_买持仓_卖持仓排名	

合约代码：b2006		Date：2020-03-03	

			期货公司会员	

名次		会员简称	成交量		增减		
1		方正中期	6,073		3,222		
2		渤海期货	2,001		1,118		
3		南华期货	1,731		1,077		
4		上海中期	1,594		1,066		
5		弘业期货	1,569		907		
6		永安期货	1,466		752		
7		光大期货	1,233		1,085		
8		海通期货	1,154		558		
9		中原期货	894		712		
10		申银万国	838		409		
11		华闻期货	766		360		
12		国投安信	693		518		
13		国海良时	554		296		
14		五矿经易	508		176		
15		金瑞期货	353		59		
16		先锋期货	164		164		
17		西南期货	132		82		
18		徽商期货	127		113		
19		广州金控	61		61		
20		华安期货	47		-28		
总计				21,958		12,707		

名次		会员简称	持买单量	增减		
1		上海中期	5,019		294		
2		南华期货	4,217		-4		
3		金瑞期货	1,469		154		
4		申银万国	1,120		0		
5		永安期货	1,013		728		
6		海通期货	873		577		
7		五矿经易	755		5		
8		光大期货	713		-47		
9		渤海期货	379		156		
10		国投安信	282		26		
11		中原期货	222		169		
12		华闻期货	190		190		
13		方正中期	172		72		
14		弘业期货	70		23		
15		中信建投	65		0		
16		国海良时	40		-19		
17		先锋期货	28		28		
18		中粮期货	27		0		
19		宏源期货	22		12		
20		广州金控	19		19		
总计				16,695		2,383		

名次		会员简称	持卖单量	增减		
1		上海中期	5,019		294		
2		南华期货	4,228		17		
3		金瑞期货	1,451		149		
4		申银万国	1,036		32		
5		永安期货	1,002		728		
6		海通期货	873		577		
7		光大期货	741		34		
8		五矿经易	717		5		
9		国投安信	635		289		
10		渤海期货	418		125		
11		中原期货	222		169		
12		方正中期	165		65		
13		先锋期货	133		16		
14		弘业期货	70		0		
15		国海良时	40		-21		
16		西南期货	18		-2		
17		东航期货	2		2		
18		华闻期货	0		-50		
19		宏源期货	0		-7		
20		徽商期货	0		-1		
总计				16,770		2,421		



会员类别	总成交量	增减		
期货公司会员	21,958		12,707		

会员类别	总持买单量	增减		
期货公司会员	16,695		2,383		

会员类别	总持卖单量	增减		
期货公司会员	16,770		2,421		

