								大连商品交易所 成交量_买持仓_卖持仓排名	

合约代码：jd2003		Date：2020-02-19	

			期货公司会员	

名次		会员简称	成交量		增减		
1		徽商期货	5,677		3,336		
2		方正中期	5,591		3,278		
3		东方财富	4,956		1,330		
4		东证期货	4,929		1,446		
5		海通期货	3,635		1,303		
6		华安期货	3,070		1,260		
7		中信建投	2,576		1,424		
8		西部期货	2,136		630		
9		宏源期货	1,861		930		
10		天风期货	1,838		824		
11		广发期货	1,745		1,187		
12		中信期货	1,704		760		
13		国投安信	1,611		580		
14		先锋期货	1,408		511		
15		长安期货	1,370		917		
16		国信期货	1,224		561		
17		美尔雅期货	1,190		870		
18		申银万国	1,073		407		
19		银河期货	1,056		545		
20		东航期货	1,042		603		
总计				49,692		22,702		

名次		会员简称	持买单量	增减		
1		方正中期	653		-30		
2		徽商期货	583		71		
3		东方财富	406		-330		
4		永安期货	391		143		
5		华安期货	349		-95		
6		中信期货	326		-86		
7		江西瑞奇	298		74		
8		中信建投	285		-94		
9		东航期货	263		86		
10		上海大陆	256		5		
11		平安期货	250		-60		
12		长江期货	243		-124		
13		华泰期货	240		-17		
14		国泰君安	232		-222		
15		广发期货	228		-196		
16		鲁证期货	226		-9		
17		兴证期货	190		57		
18		海通期货	186		-9		
19		国投安信	181		-133		
20		中国国际	165		-7		
总计				5,951		-976		

名次		会员简称	持卖单量	增减		
1		永安期货	702		-52		
2		汇鑫期货	679		-34		
3		徽商期货	556		-168		
4		倍特期货	496		-33		
5		宏源期货	488		-231		
6		东方财富	363		-38		
7		中信建投	353		10		
8		中信期货	319		24		
9		东证期货	292		-79		
10		美尔雅期货	282		-163		
11		先锋期货	281		-476		
12		方正中期	273		-185		
13		英大期货	271		-148		
14		华安期货	266		-291		
15		银河期货	221		68		
16		东海期货	220		-39		
17		格林大华	216		-175		
18		五矿经易	201		-205		
19		华泰期货	196		27		
20		申银万国	189		97		
总计				6,864		-2,091		



会员类别	总成交量	增减		
期货公司会员	49,692		22,702		

会员类别	总持买单量	增减		
期货公司会员	5,951		-976		

会员类别	总持卖单量	增减		
期货公司会员	6,864		-2,091		

