								大连商品交易所 成交量_买持仓_卖持仓排名	

合约代码：jd2003		Date：2020-02-13	

			期货公司会员	

名次		会员简称	成交量		增减		
1		东证期货	4,125		2,080		
2		方正中期	4,006		1,057		
3		徽商期货	3,683		1,441		
4		东方财富	3,610		1,823		
5		华安期货	3,400		2,145		
6		海通期货	3,153		1,390		
7		中信建投	2,195		1,216		
8		天风期货	2,139		-313		
9		西部期货	2,046		872		
10		宏源期货	1,750		324		
11		永安期货	1,709		1,035		
12		中信期货	1,586		1,060		
13		光大期货	1,467		1,177		
14		国泰君安	1,418		908		
15		长安期货	1,360		1,226		
16		安粮期货	1,239		714		
17		国富期货	1,193		687		
18		国信期货	1,187		674		
19		鲁证期货	1,151		781		
20		申银万国	1,133		-104		
总计				43,550		20,193		

名次		会员简称	持买单量	增减		
1		东方财富	941		89		
2		徽商期货	751		169		
3		方正中期	685		-127		
4		国泰君安	543		-142		
5		中信建投	530		-204		
6		平安期货	522		-17		
7		广发期货	504		101		
8		长江期货	474		135		
9		东证期货	467		-30		
10		华安期货	450		77		
11		中信期货	427		-111		
12		银河期货	407		-1		
13		华泰期货	341		9		
14		光大期货	337		-143		
15		永安期货	314		10		
16		鲁证期货	296		-144		
17		大越期货	290		198		
18		申银万国	267		13		
19		国海良时	254		5		
20		上海大陆	250		17		
总计				9,050		-96		

名次		会员简称	持卖单量	增减		
1		汇鑫期货	980		23		
2		徽商期货	967		44		
3		永安期货	895		-243		
4		先锋期货	784		145		
5		宏源期货	753		-606		
6		华安期货	716		143		
7		格林大华	435		141		
8		银河期货	426		69		
9		倍特期货	418		-23		
10		美尔雅期货	413		-41		
11		英大期货	398		-247		
12		东海期货	385		-57		
13		方正中期	383		-131		
14		中信期货	379		-131		
15		东方财富	310		21		
16		海证期货	262		40		
17		海通期货	262		9		
18		五矿经易	245		118		
19		中信建投	235		-131		
20		申银万国	215		72		
总计				9,861		-785		



会员类别	总成交量	增减		
期货公司会员	43,550		20,193		

会员类别	总持买单量	增减		
期货公司会员	9,050		-96		

会员类别	总持卖单量	增减		
期货公司会员	9,861		-785		

