								大连商品交易所 成交量_买持仓_卖持仓排名	

合约代码：m2005		Date：2020-03-03	

			期货公司会员	

名次		会员简称	成交量		增减		
1		东证期货	303,542		-166,405	
2		国泰君安	195,679		13,256		
3		申银万国	115,295		-79,020		
4		兴证期货	75,054		-68,140		
5		中信期货	66,621		-52,263		
6		格林大华	60,832		15,515		
7		国富期货	58,413		-72,154		
8		海通期货	56,815		-27,282		
9		光大期货	43,766		-16,833		
10		华泰期货	37,475		-63,096		
11		永安期货	30,955		-18,076		
12		徽商期货	30,686		-35,029		
13		方正中期	27,991		-32,605		
14		国投安信	27,880		-22,349		
15		东海期货	22,163		-9,893		
16		中粮期货	20,999		-19,313		
17		安粮期货	20,371		-4,397		
18		华安期货	19,204		-15,966		
19		华西期货	18,621		-10,907		
20		海证期货	18,181		-11,149		
总计				1,250,543	-696,106	

名次		会员简称	持买单量	增减		
1		华泰期货	93,145		-22		
2		永安期货	73,814		3,502		
3		国投安信	56,009		-4,117		
4		格林大华	49,722		-2,080		
5		广发期货	44,507		-1,644		
6		一德期货	42,446		573		
7		中信期货	41,193		-4,250		
8		浙商期货	40,012		-2,624		
9		中粮期货	33,535		2,427		
10		申银万国	30,964		1,218		
11		国泰君安	30,579		-625		
12		大越期货	27,549		-157		
13		银河期货	27,032		63		
14		东证期货	24,815		-1,081		
15		方正中期	24,421		-379		
16		五矿经易	24,371		118		
17		宝城期货	22,158		-350		
18		大地期货	20,606		-194		
19		宏源期货	20,025		690		
20		倍特期货	19,773		-255		
总计				746,676		-9,187		

名次		会员简称	持卖单量	增减		
1		中粮期货	221,112		4,176		
2		国投安信	142,306		-729		
3		一德期货	57,797		-1,907		
4		鲁证期货	57,697		-447		
5		中信期货	56,098		-271		
6		摩根大通	51,310		-1,201		
7		国泰君安	46,591		388		
8		新湖期货	45,569		-170		
9		信达期货	45,315		-1,647		
10		永安期货	40,563		1,231		
11		银河期货	35,602		-1,849		
12		平安期货	29,848		957		
13		格林大华	27,091		2,656		
14		海通期货	24,390		1,887		
15		东证期货	22,267		-9,099		
16		兴业期货	20,782		-38		
17		南华期货	19,333		-531		
18		广发期货	18,665		-285		
19		西南期货	17,761		1,551		
20		北京金鹏	16,886		-8		
总计				996,983		-5,336		



会员类别	总成交量	增减		
期货公司会员	1,250,543	-696,106	

会员类别	总持买单量	增减		
期货公司会员	746,676		-9,187		

会员类别	总持卖单量	增减		
期货公司会员	996,983		-5,336		

