								大连商品交易所 成交量_买持仓_卖持仓排名	

合约代码：a2009		Date：2020-03-13	

			期货公司会员	

名次		会员简称	成交量		增减		
1		华泰期货	4,312		1,787		
2		海通期货	3,871		1,934		
3		华安期货	2,611		533		
4		东证期货	2,608		1,015		
5		光大期货	2,148		1,445		
6		方正中期	1,998		1,212		
7		徽商期货	1,933		744		
8		中信期货	1,870		1,084		
9		鲁证期货	1,845		1,256		
10		国投安信	1,505		1,406		
11		广州金控	1,496		447		
12		东航期货	1,390		1,132		
13		金瑞期货	1,259		891		
14		国金期货	1,231		766		
15		国泰君安	1,196		400		
16		永安期货	1,138		679		
17		中辉期货	1,022		769		
18		一德期货	1,016		928		
19		瑞达期货	1,004		556		
20		长江期货	943		519		
总计				36,396		19,503		

名次		会员简称	持买单量	增减		
1		鲁证期货	2,548		74		
2		国投安信	2,417		1,260		
3		永安期货	2,159		-275		
4		南华期货	1,411		18		
5		海通期货	1,330		366		
6		大越期货	1,206		0		
7		华安期货	1,165		507		
8		中财期货	1,131		-5		
9		格林大华	901		48		
10		申银万国	869		-206		
11		广州金控	866		-1,156		
12		一德期货	785		321		
13		浙商期货	676		50		
14		东吴期货	577		10		
15		五矿经易	568		193		
16		东兴期货	567		-5		
17		宏源期货	530		63		
18		海证期货	527		80		
19		中银国际	503		49		
20		招金期货	448		5		
总计				21,184		1,397		

名次		会员简称	持卖单量	增减		
1		中信期货	15,617		-21		
2		金瑞期货	746		333		
3		华安期货	662		-48		
4		东吴期货	566		20		
5		徽商期货	564		-50		
6		方正中期	514		42		
7		鲁证期货	473		305		
8		中原期货	437		69		
9		中信建投	374		174		
10		华泰期货	360		195		
11		宏源期货	351		-1		
12		中粮期货	344		31		
13		中辉期货	328		-88		
14		弘业期货	312		154		
15		国泰君安	310		68		
16		永安期货	297		-255		
17		广发期货	284		-7		
18		瑞达期货	254		-361		
19		东证期货	235		46		
20		国信期货	229		78		
总计				23,257		684		



会员类别	总成交量	增减		
期货公司会员	36,396		19,503		

会员类别	总持买单量	增减		
期货公司会员	21,184		1,397		

会员类别	总持卖单量	增减		
期货公司会员	23,257		684		

