								大连商品交易所 成交量_买持仓_卖持仓排名	

合约代码：c2007		Date：2020-02-13	

			期货公司会员	

名次		会员简称	成交量		增减		
1		东证期货	2,190		-702		
2		华信期货	2,000		2,000		
3		海通期货	1,582		-147		
4		西部期货	1,476		-749		
5		方正中期	1,384		-510		
6		格林大华	1,047		-554		
7		鲁证期货	978		-219		
8		弘业期货	963		-274		
9		浙商期货	886		-716		
10		国海良时	797		-157		
11		新湖期货	776		-234		
12		瑞达期货	734		390		
13		中信期货	716		-295		
14		申银万国	669		-110		
15		国投安信	639		-29		
16		北京首创	570		-663		
17		中大期货	538		-147		
18		天风期货	494		-188		
19		永安期货	401		-74		
20		华闻期货	399		238		
总计				19,239		-3,140		

名次		会员简称	持买单量	增减		
1		鲁证期货	5,967		489		
2		东证期货	4,098		356		
3		格林大华	3,385		516		
4		申银万国	3,368		344		
5		海通期货	3,309		-11		
6		新湖期货	3,156		388		
7		方正中期	2,792		162		
8		中信期货	2,525		12		
9		国投安信	2,423		1		
10		瑞达期货	2,358		380		
11		国海良时	1,795		-13		
12		中大期货	1,372		-267		
13		弘业期货	1,235		-153		
14		华泰期货	741		-60		
15		东吴期货	488		0		
16		华金期货	429		0		
17		永安期货	366		-9		
18		银河期货	282		-1		
19		宏源期货	256		0		
20		广州金控	225		-85		
总计				40,570		2,049		

名次		会员简称	持卖单量	增减		
1		鲁证期货	5,944		489		
2		海通期货	5,047		147		
3		东证期货	4,013		350		
4		格林大华	3,379		521		
5		申银万国	3,346		325		
6		新湖期货	3,211		388		
7		方正中期	2,687		168		
8		国投安信	2,410		-6		
9		瑞达期货	2,349		354		
10		浙商期货	2,075		14		
11		中信期货	2,011		10		
12		国海良时	1,773		-14		
13		中大期货	1,372		-271		
14		弘业期货	1,235		-20		
15		永安期货	651		0		
16		东吴期货	480		0		
17		东航期货	111		4		
18		西部期货	103		42		
19		大地期货	96		0		
20		东海期货	80		0		
总计				42,373		2,501		



会员类别	总成交量	增减		
期货公司会员	19,239		-3,140		

会员类别	总持买单量	增减		
期货公司会员	40,570		2,049		

会员类别	总持卖单量	增减		
期货公司会员	42,373		2,501		

