								大连商品交易所 成交量_买持仓_卖持仓排名	

合约代码：jm2005		Date：2020-03-13	

			期货公司会员	

名次		会员简称	成交量		增减		
1		东证期货	27,431		9,177		
2		国富期货	11,976		3,203		
3		中辉期货	7,253		53		
4		光大期货	7,186		544		
5		中信期货	6,449		1,315		
6		永安期货	5,931		1,391		
7		申银万国	5,672		1,974		
8		海通期货	4,773		281		
9		方正中期	4,556		1,438		
10		国泰君安	3,974		287		
11		华泰期货	3,429		1,005		
12		徽商期货	3,222		229		
13		国投安信	3,203		345		
14		安粮期货	2,840		1,111		
15		兴证期货	2,784		60		
16		华安期货	2,657		1,059		
17		中粮期货	2,525		512		
18		宏源期货	2,278		473		
19		中信建投	2,216		664		
20		广发期货	2,084		412		
总计				112,439		25,533		

名次		会员简称	持买单量	增减		
1		永安期货	15,130		863		
2		东证期货	10,352		-1,371		
3		中信期货	5,154		-493		
4		国富期货	4,107		1,054		
5		中辉期货	4,086		-1,890		
6		海通期货	3,084		1,233		
7		华泰期货	2,419		149		
8		一德期货	2,330		-14		
9		摩根大通	2,306		-283		
10		安粮期货	2,217		-593		
11		国联期货	2,130		-99		
12		招金期货	2,070		-371		
13		国泰君安	1,978		188		
14		中信建投	1,734		171		
15		申银万国	1,727		-148		
16		国投安信	1,710		-358		
17		兴证期货	1,673		135		
18		瑞达期货	1,660		-41		
19		长江期货	1,609		72		
20		建信期货	1,449		88		
总计				68,925		-1,708		

名次		会员简称	持卖单量	增减		
1		东证期货	13,616		-754		
2		永安期货	8,807		-812		
3		中信期货	8,480		-512		
4		中国国际	5,061		280		
5		银河期货	4,339		-2		
6		国富期货	4,250		1,256		
7		中粮期货	3,955		473		
8		申银万国	3,635		294		
9		中辉期货	2,840		-973		
10		方正中期	2,349		387		
11		华泰期货	1,919		-1,016		
12		浙商期货	1,839		145		
13		国泰君安	1,639		4		
14		广发期货	1,570		69		
15		国投安信	1,364		-113		
16		中信建投	1,347		-551		
17		兴证期货	1,261		-381		
18		建信期货	1,212		-101		
19		一德期货	1,082		64		
20		宏源期货	1,058		-1,294		
总计				71,623		-3,537		



会员类别	总成交量	增减		
期货公司会员	112,439		25,533		

会员类别	总持买单量	增减		
期货公司会员	68,925		-1,708		

会员类别	总持卖单量	增减		
期货公司会员	71,623		-3,537		

