								大连商品交易所 成交量_买持仓_卖持仓排名	

合约代码：a2009		Date：2020-03-03	

			期货公司会员	

名次		会员简称	成交量		增减		
1		华泰期货	1,785		-707		
2		东证期货	1,411		-804		
3		中信期货	1,381		-501		
4		海通期货	1,153		-475		
5		国富期货	736		-459		
6		冠通期货	725		184		
7		徽商期货	586		-907		
8		华安期货	528		-192		
9		方正中期	481		-438		
10		中原期货	435		384		
11		国泰君安	396		-316		
12		永安期货	345		108		
13		光大期货	334		-141		
14		金瑞期货	311		26		
15		宏源期货	292		-408		
16		中粮期货	237		203		
17		鲁证期货	229		-109		
18		和合期货	199		85		
19		招商期货	167		47		
20		长江期货	151		-13		
总计				11,882		-4,433		

名次		会员简称	持买单量	增减		
1		鲁证期货	2,514		9		
2		永安期货	2,283		-6		
3		广州金控	1,490		1		
4		大越期货	1,208		3		
5		招金期货	1,142		105		
6		申银万国	1,026		-3		
7		中财期货	807		-18		
8		海通期货	642		-2		
9		东吴期货	620		16		
10		华安期货	616		18		
11		国投安信	609		25		
12		浙商期货	600		5		
13		南华期货	538		28		
14		渤海期货	504		-62		
15		国泰君安	462		9		
16		格林大华	449		46		
17		英大期货	427		24		
18		中信建投	396		-12		
19		海证期货	371		-5		
20		东兴期货	350		0		
总计				17,054		181		

名次		会员简称	持卖单量	增减		
1		中信期货	7,595		14		
2		国泰君安	2,110		3		
3		首创京都	1,645		-50		
4		北京首创	1,101		-25		
5		华安期货	1,073		58		
6		徽商期货	1,025		-31		
7		永安期货	616		305		
8		东吴期货	503		0		
9		瑞达期货	416		16		
10		中辉期货	305		-10		
11		广发期货	296		22		
12		中州期货	293		-10		
13		方正中期	249		-20		
14		南华期货	244		-4		
15		宏源期货	228		-48		
16		东航期货	213		11		
17		冠通期货	207		-47		
18		中信建投	206		1		
19		中原期货	206		190		
20		一德期货	204		20		
总计				18,735		395		



会员类别	总成交量	增减		
期货公司会员	11,882		-4,433		

会员类别	总持买单量	增减		
期货公司会员	17,054		181		

会员类别	总持卖单量	增减		
期货公司会员	18,735		395		

