								大连商品交易所 成交量_买持仓_卖持仓排名	

合约代码：v2009		Date：2020-02-13	

			期货公司会员	

名次		会员简称	成交量		增减		
1		东证期货	3,175		-814		
2		永安期货	1,626		674		
3		一德期货	1,282		954		
4		中国国际	1,174		686		
5		中信期货	552		-572		
6		前海期货	400		355		
7		国富期货	399		-133		
8		中天期货	348		146		
9		光大期货	342		16		
10		海通期货	335		-555		
11		中大期货	279		-121		
12		新湖期货	224		36		
13		长江期货	220		-318		
14		中辉期货	209		-134		
15		华安期货	197		-64		
16		中财期货	189		-272		
17		华泰期货	178		-66		
18		国海良时	178		115		
19		信达期货	170		-48		
20		锦泰期货	166		129		
总计				11,643		14		

名次		会员简称	持买单量	增减		
1		永安期货	8,611		529		
2		信达期货	1,772		165		
3		中财期货	1,632		6		
4		中信期货	1,287		47		
5		先锋期货	1,261		10		
6		广州期货	1,076		74		
7		东证期货	1,027		29		
8		中国国际	997		63		
9		上海大陆	817		50		
10		一德期货	814		-1,257		
11		瑞达期货	792		2		
12		中信建投	759		39		
13		大地期货	712		1		
14		华安期货	698		22		
15		中大期货	673		273		
16		长江期货	639		27		
17		汇鑫期货	606		118		
18		神华期货	605		1		
19		东吴期货	583		0		
20		浙商期货	567		23		
总计				25,928		222		

名次		会员简称	持卖单量	增减		
1		永安期货	6,915		73		
2		中信期货	5,261		233		
3		国投安信	2,078		8		
4		中大期货	1,800		-2		
5		大地期货	1,599		-33		
6		银河期货	1,226		9		
7		东证期货	1,212		-90		
8		中财期货	1,107		-107		
9		瑞达期货	1,044		0		
10		浙商期货	1,041		-1		
11		华金期货	975		0		
12		东吴期货	794		1		
13		宏源期货	681		19		
14		国贸期货	644		0		
15		前海期货	585		400		
16		鲁证期货	524		-1		
17		国海良时	436		169		
18		平安期货	435		0		
19		中粮期货	432		10		
20		申银万国	432		32		
总计				29,221		720		



会员类别	总成交量	增减		
期货公司会员	11,643		14		

会员类别	总持买单量	增减		
期货公司会员	25,928		222		

会员类别	总持卖单量	增减		
期货公司会员	29,221		720		

