								大连商品交易所 成交量_买持仓_卖持仓排名	

合约代码：cs2005		Date：2020-03-03	

			期货公司会员	

名次		会员简称	成交量		增减		
1		东证期货	34,753		-11,129		
2		海通期货	5,509		-5,114		
3		兴证期货	5,455		-4,064		
4		中信期货	5,287		-1,332		
5		国富期货	4,775		-275		
6		广发期货	4,302		-659		
7		徽商期货	3,894		794		
8		国泰君安	3,421		-3,620		
9		华泰期货	3,378		-1,165		
10		浙商期货	2,715		-1,018		
11		国贸期货	2,590		-768		
12		瑞达期货	2,562		1,784		
13		申银万国	2,498		-1,615		
14		东吴期货	2,328		-488		
15		光大期货	2,321		28		
16		国投安信	2,246		-776		
17		鲁证期货	1,680		286		
18		银河期货	1,645		-1,101		
19		中信建投	1,597		-270		
20		永安期货	1,529		200		
总计				94,485		-30,302		

名次		会员简称	持买单量	增减		
1		东证期货	8,869		87		
2		光大期货	6,649		-71		
3		瑞达期货	5,002		-1,791		
4		华安期货	4,811		11		
5		中信期货	4,798		-461		
6		上海大陆	3,640		-433		
7		永安期货	3,441		-479		
8		华泰期货	2,958		168		
9		中信建投	2,929		60		
10		徽商期货	2,334		-287		
11		中粮期货	2,300		184		
12		北京首创	1,802		701		
13		鲁证期货	1,778		785		
14		国泰君安	1,727		42		
15		海通期货	1,636		-293		
16		南华期货	1,628		-60		
17		东海期货	1,556		-485		
18		国投安信	1,525		-1,023		
19		国贸期货	1,404		-178		
20		金瑞期货	1,255		-487		
总计				62,042		-4,010		

名次		会员简称	持卖单量	增减		
1		中信期货	14,636		-1,740		
2		国泰君安	10,946		-343		
3		东证期货	6,071		1,508		
4		摩根大通	4,920		-665		
5		兴证期货	4,846		-280		
6		国投安信	3,847		-81		
7		永安期货	3,682		262		
8		华泰期货	3,139		-754		
9		中金期货	2,321		-11		
10		国贸期货	2,290		-684		
11		国富期货	2,239		614		
12		五矿经易	2,005		267		
13		银河期货	1,764		38		
14		国信期货	1,703		-726		
15		中粮期货	1,448		-170		
16		中信建投	1,442		-779		
17		方正中期	1,194		-33		
18		海通期货	1,124		-302		
19		宏源期货	1,024		-820		
20		南华期货	1,004		365		
总计				71,645		-4,334		



会员类别	总成交量	增减		
期货公司会员	94,485		-30,302		

会员类别	总持买单量	增减		
期货公司会员	62,042		-4,010		

会员类别	总持卖单量	增减		
期货公司会员	71,645		-4,334		

