								大连商品交易所 成交量_买持仓_卖持仓排名	

合约代码：i2009		Date：2020-03-02	

			期货公司会员	

名次		会员简称	成交量		增减		
1		东证期货	69,360		-1,602		
2		光大期货	22,325		-1,248		
3		中信期货	18,670		-3,210		
4		国泰君安	17,377		-30,606		
5		东海期货	15,809		8,118		
6		申银万国	13,023		-1,259		
7		方正中期	10,975		-4,741		
8		鲁证期货	10,634		-5,944		
9		海通期货	10,082		273		
10		永安期货	9,392		-666		
11		浙商期货	9,286		3,219		
12		华泰期货	7,635		-4,976		
13		弘业期货	7,538		1,749		
14		兴证期货	7,419		3,273		
15		长江期货	6,507		3,522		
16		徽商期货	5,927		369		
17		银河期货	5,342		-5,707		
18		中财期货	5,315		-393		
19		安粮期货	5,243		283		
20		华安期货	4,803		-210		
总计				262,662		-39,756		

名次		会员简称	持买单量	增减		
1		申银万国	32,183		614		
2		银河期货	21,865		-1,669		
3		华泰期货	15,622		422		
4		东海期货	14,476		-9,982		
5		海证期货	14,289		362		
6		浙商期货	12,907		850		
7		国泰君安	11,700		-194		
8		永安期货	11,544		1,019		
9		鲁证期货	10,400		-9,028		
10		一德期货	9,585		-239		
11		广发期货	8,814		-62		
12		道通期货	7,004		-2		
13		五矿经易	6,696		1,074		
14		东兴期货	6,469		1,370		
15		中信期货	6,310		247		
16		弘业期货	5,716		134		
17		大地期货	5,119		-230		
18		海通期货	4,698		-175		
19		天风期货	4,299		351		
20		国投安信	3,946		23		
总计				213,642		-15,115		

名次		会员简称	持卖单量	增减		
1		永安期货	26,516		-583		
2		兴证期货	17,146		-1,598		
3		方正中期	15,084		-3,543		
4		东海期货	13,284		29		
5		国泰君安	12,824		2,111		
6		申银万国	11,397		-1,649		
7		乾坤期货	10,554		0		
8		中信期货	9,936		699		
9		五矿经易	9,382		-1,273		
10		一德期货	8,561		101		
11		浙商期货	7,744		318		
12		江苏东华	7,512		-5		
13		银河期货	6,108		-259		
14		宝城期货	5,980		27		
15		国贸期货	5,848		402		
16		海通期货	5,326		-2,385		
17		华泰期货	4,921		-951		
18		弘业期货	4,588		3,510		
19		国富期货	4,519		-163		
20		东证期货	4,449		84		
总计				191,679		-5,128		



会员类别	总成交量	增减		
期货公司会员	262,662		-39,756		

会员类别	总持买单量	增减		
期货公司会员	213,642		-15,115		

会员类别	总持卖单量	增减		
期货公司会员	191,679		-5,128		

