								大连商品交易所 成交量_买持仓_卖持仓排名	

合约代码：c2009		Date：2020-02-13	

			期货公司会员	

名次		会员简称	成交量		增减		
1		徽商期货	11,465		2,054		
2		东证期货	11,166		-12,854		
3		永安期货	6,287		1,071		
4		国泰君安	4,998		919		
5		中信期货	4,585		1,220		
6		中信建投	3,815		-4,381		
7		光大期货	2,839		-108		
8		广州金控	2,778		2,579		
9		浙商期货	2,509		-1,632		
10		国投安信	2,179		-4,180		
11		东海期货	2,087		-2,444		
12		华安期货	1,969		942		
13		海证期货	1,880		-341		
14		中融汇信	1,860		1,413		
15		兴证期货	1,779		606		
16		上海中期	1,680		-316		
17		华信期货	1,649		1,252		
18		华泰期货	1,523		-6,571		
19		海通期货	1,505		64		
20		华闻期货	1,248		-66		
总计				69,801		-20,773		

名次		会员简称	持买单量	增减		
1		光大期货	22,799		-802		
2		中信期货	14,417		-149		
3		中信建投	12,021		-894		
4		国泰君安	11,995		-3,716		
5		永安期货	9,017		-2,234		
6		中原期货	8,793		-2		
7		国投安信	8,143		56		
8		华泰期货	7,569		-87		
9		摩根大通	5,994		201		
10		民生期货	5,192		-15		
11		招金期货	5,090		981		
12		徽商期货	4,831		42		
13		中粮期货	4,669		-147		
14		广州金控	4,376		-3		
15		新湖期货	4,310		-65		
16		倍特期货	4,138		151		
17		南华期货	4,079		292		
18		东证期货	4,059		86		
19		东航期货	3,540		-67		
20		海通期货	3,202		-471		
总计				148,234		-6,843		

名次		会员简称	持卖单量	增减		
1		中粮期货	30,998		345		
2		永安期货	25,032		-2,615		
3		金瑞期货	20,031		0		
4		国投安信	18,395		-1,957		
5		中辉期货	15,584		4		
6		浙商期货	14,012		1,049		
7		光大期货	12,450		799		
8		北京首创	11,471		-378		
9		中信期货	9,355		636		
10		银河期货	6,455		318		
11		华安期货	6,108		-79		
12		国泰君安	5,926		246		
13		兴证期货	4,941		986		
14		华泰期货	4,930		254		
15		中州期货	4,042		-17		
16		南华期货	3,568		16		
17		冠通期货	3,008		-297		
18		东证期货	2,827		978		
19		一德期货	2,274		100		
20		申银万国	2,249		-35		
总计				203,656		353		



会员类别	总成交量	增减		
期货公司会员	69,801		-20,773		

会员类别	总持买单量	增减		
期货公司会员	148,234		-6,843		

会员类别	总持卖单量	增减		
期货公司会员	203,656		353		

