								大连商品交易所 成交量_买持仓_卖持仓排名	

合约代码：eg2009		Date：2020-02-14	

			期货公司会员	

名次		会员简称	成交量		增减		
1		东证期货	2,038		173		
2		永安期货	909		198		
3		平安期货	865		156		
4		国富期货	602		-96		
5		中信期货	600		84		
6		徽商期货	569		81		
7		海通期货	498		65		
8		安粮期货	449		-186		
9		海证期货	447		125		
10		国元期货	432		402		
11		华泰期货	283		126		
12		东吴期货	260		56		
13		一德期货	255		178		
14		华安期货	239		-210		
15		中财期货	191		115		
16		南华期货	175		10		
17		福能期货	168		37		
18		大有期货	165		159		
19		长江期货	153		122		
20		浙江新世纪	152		144		
总计				9,450		1,739		

名次		会员简称	持买单量	增减		
1		通惠期货	7,387		0		
2		华泰期货	2,914		-123		
3		新湖期货	2,016		1		
4		国泰君安	1,675		-6		
5		东证期货	1,147		58		
6		方正中期	1,110		10		
7		天风期货	902		0		
8		东海期货	659		0		
9		广发期货	604		5		
10		东吴期货	597		62		
11		永安期货	584		-25		
12		国投安信	576		89		
13		中信期货	573		-118		
14		华金期货	420		8		
15		中财期货	413		3		
16		一德期货	389		218		
17		上海大陆	383		12		
18		平安期货	332		56		
19		鲁证期货	329		12		
20		徽商期货	307		14		
总计				23,317		276		

名次		会员简称	持卖单量	增减		
1		银河期货	3,087		-1		
2		永安期货	2,556		702		
3		中融汇信	2,057		0		
4		中信期货	1,697		-2		
5		申银万国	1,410		-3		
6		天风期货	1,159		-48		
7		中银国际	917		0		
8		浙商期货	863		-1		
9		格林大华	792		5		
10		东海期货	770		0		
11		国元期货	720		400		
12		东吴期货	694		-14		
13		上海中期	677		8		
14		美尔雅期货	668		-98		
15		五矿经易	654		21		
16		建信期货	637		24		
17		方正中期	636		-15		
18		海证期货	600		183		
19		国泰君安	596		-35		
20		东证期货	550		-54		
总计				21,740		1,072		



会员类别	总成交量	增减		
期货公司会员	9,450		1,739		

会员类别	总持买单量	增减		
期货公司会员	23,317		276		

会员类别	总持卖单量	增减		
期货公司会员	21,740		1,072		

