								大连商品交易所 成交量_买持仓_卖持仓排名	

合约代码：jd2004		Date：2020-02-13	

			期货公司会员	

名次		会员简称	成交量		增减		
1		东证期货	7,788		2,646		
2		方正中期	5,704		1,232		
3		中信建投	4,278		2,355		
4		徽商期货	3,676		1,258		
5		华安期货	3,463		2,107		
6		东方财富	3,433		1,715		
7		申银万国	3,328		1,430		
8		宏源期货	3,038		847		
9		海通期货	2,383		886		
10		西部期货	2,293		413		
11		国泰君安	2,137		786		
12		东吴期货	1,790		1,197		
13		美尔雅期货	1,714		700		
14		中辉期货	1,706		1,167		
15		长安期货	1,622		1,512		
16		国信期货	1,608		350		
17		永安期货	1,505		944		
18		中信期货	1,495		546		
19		广发期货	1,399		635		
20		国富期货	1,361		124		
总计				55,721		22,850		

名次		会员简称	持买单量	增减		
1		东方财富	1,159		83		
2		徽商期货	1,137		-6		
3		大越期货	1,045		-50		
4		东证期货	1,006		219		
5		中信建投	824		-77		
6		中信期货	823		168		
7		兴证期货	747		16		
8		华安期货	734		104		
9		永安期货	708		2		
10		国泰君安	670		132		
11		华泰期货	664		191		
12		方正中期	622		110		
13		海通期货	609		8		
14		国元期货	536		80		
15		平安期货	535		67		
16		银河期货	508		79		
17		鲁证期货	503		41		
18		东海期货	486		264		
19		南华期货	485		71		
20		宏源期货	468		-69		
总计				14,269		1,433		

名次		会员简称	持卖单量	增减		
1		徽商期货	1,717		434		
2		方正中期	1,513		-228		
3		汇鑫期货	1,475		293		
4		永安期货	1,433		265		
5		宏源期货	1,172		-867		
6		华泰期货	1,160		64		
7		英大期货	957		180		
8		华安期货	825		87		
9		中信期货	798		-175		
10		天风期货	703		100		
11		海通期货	694		-71		
12		长江期货	601		-34		
13		招金期货	581		95		
14		海证期货	577		333		
15		国泰君安	499		69		
16		东方财富	466		146		
17		一德期货	464		9		
18		先锋期货	461		22		
19		中信建投	435		43		
20		银河期货	432		41		
总计				16,963		806		



会员类别	总成交量	增减		
期货公司会员	55,721		22,850		

会员类别	总持买单量	增减		
期货公司会员	14,269		1,433		

会员类别	总持卖单量	增减		
期货公司会员	16,963		806		

