								大连商品交易所 成交量_买持仓_卖持仓排名	

合约代码：b2003		Date：2020-02-13	

			期货公司会员	

名次		会员简称	成交量		增减		
1		国投安信	4,466		4,234		
2		金瑞期货	2,150		42		
3		方正中期	2,039		92		
4		渤海期货	1,457		441		
5		中信期货	1,251		222		
6		东吴期货	1,208		743		
7		国富期货	1,167		-113		
8		华泰期货	1,000		-365		
9		徽商期货	976		146		
10		华西期货	809		58		
11		国海良时	777		-148		
12		迈科期货	754		717		
13		中辉期货	660		-45		
14		东证期货	598		-118		
15		大地期货	589		542		
16		南华期货	494		-17		
17		国信期货	460		189		
18		华安期货	455		-165		
19		国泰君安	446		-178		
20		海通期货	433		-39		
总计				22,189		6,238		

名次		会员简称	持买单量	增减		
1		永安期货	3,571		9		
2		五矿经易	3,213		-1		
3		金瑞期货	2,085		-900		
4		渤海期货	1,751		-517		
5		国投安信	1,299		-2,014		
6		国海良时	891		-347		
7		方正中期	699		-811		
8		中信期货	168		-121		
9		银河期货	164		-12		
10		混沌天成	154		145		
11		徽商期货	144		83		
12		鲁证期货	135		8		
13		中州期货	121		120		
14		华泰期货	115		-172		
15		兴证期货	114		-86		
16		宝城期货	95		-1		
17		东证期货	77		-237		
18		新湖期货	67		-3		
19		西南期货	62		-5		
20		迈科期货	61		55		
总计				14,986		-4,807		

名次		会员简称	持卖单量	增减		
1		永安期货	3,512		-67		
2		五矿经易	3,261		-137		
3		金瑞期货	2,011		-926		
4		摩根大通	1,900		0		
5		渤海期货	1,830		-542		
6		国海良时	861		-350		
7		方正中期	693		-810		
8		国投安信	647		-2,368		
9		中信建投	242		-2		
10		国元期货	228		1		
11		宏源期货	159		-17		
12		国贸期货	153		2		
13		新湖期货	95		-1		
14		中信期货	75		-136		
15		国富期货	42		-7		
16		国泰君安	37		-94		
17		平安期货	31		3		
18		中大期货	31		0		
19		华闻期货	30		25		
20		中国国际	30		-3		
总计				15,868		-5,429		



会员类别	总成交量	增减		
期货公司会员	22,189		6,238		

会员类别	总持买单量	增减		
期货公司会员	14,986		-4,807		

会员类别	总持卖单量	增减		
期货公司会员	15,868		-5,429		

