								大连商品交易所 成交量_买持仓_卖持仓排名	

合约代码：eb2005		Date：2020-03-13	

			期货公司会员	

名次		会员简称	成交量		增减		
1		东证期货	17,423		1,241		
2		国富期货	10,432		2,712		
3		中信期货	6,037		1,183		
4		海通期货	4,972		59		
5		徽商期货	3,686		1,385		
6		华泰期货	3,229		676		
7		一德期货	2,747		-293		
8		永安期货	2,319		110		
9		国泰君安	2,289		-643		
10		南华期货	2,099		-261		
11		光大期货	1,791		553		
12		五矿经易	1,765		-846		
13		银河期货	1,713		-177		
14		国投安信	1,699		594		
15		瑞达期货	1,675		954		
16		方正中期	1,667		459		
17		华信期货	1,650		1,336		
18		宏源期货	1,612		-644		
19		先锋期货	1,401		-335		
20		华安期货	1,367		-719		
总计				71,573		7,344		

名次		会员简称	持买单量	增减		
1		华泰期货	10,594		-237		
2		永安期货	5,835		-48		
3		浙商期货	5,224		-199		
4		国海良时	3,250		-6		
5		五矿经易	2,576		211		
6		弘业期货	2,268		203		
7		东海期货	2,208		-85		
8		南华期货	1,957		-65		
9		鲁证期货	1,956		-392		
10		广发期货	1,887		-89		
11		一德期货	1,851		-2		
12		英大期货	1,521		-21		
13		宏源期货	1,319		-244		
14		东证期货	1,264		-136		
15		中粮期货	1,178		-16		
16		新湖期货	1,113		69		
17		银河期货	1,059		1		
18		国投安信	995		100		
19		瑞达期货	953		41		
20		锦泰期货	871		48		
总计				49,879		-867		

名次		会员简称	持卖单量	增减		
1		南华期货	7,168		248		
2		五矿经易	6,781		538		
3		中财期货	5,325		22		
4		华信期货	5,254		710		
5		招商期货	2,894		-1,023		
6		中信期货	2,496		-190		
7		国泰君安	2,384		174		
8		东证期货	2,285		667		
9		永安期货	2,238		-261		
10		银河期货	1,885		30		
11		大地期货	1,883		-99		
12		鲁证期货	1,821		-415		
13		国投安信	1,773		247		
14		国联期货	1,478		-199		
15		宏源期货	1,305		-294		
16		一德期货	1,289		23		
17		瑞达期货	1,234		-54		
18		华泰期货	1,116		-262		
19		东吴期货	1,078		506		
20		浙商期货	996		-74		
总计				52,683		294		



会员类别	总成交量	增减		
期货公司会员	71,573		7,344		

会员类别	总持买单量	增减		
期货公司会员	49,879		-867		

会员类别	总持卖单量	增减		
期货公司会员	52,683		294		

