								大连商品交易所 成交量_买持仓_卖持仓排名	

合约代码：m2007		Date：2020-02-19	

			期货公司会员	

名次		会员简称	成交量		增减		
1		方正中期	17,573		-4,296		
2		东证期货	7,819		-5,604		
3		海通期货	4,267		-1,388		
4		中粮期货	4,253		-17,096		
5		弘业期货	3,794		-4,326		
6		冠通期货	3,620		2,775		
7		西部期货	3,480		2,057		
8		宝城期货	3,400		2,896		
9		先融期货	3,397		2,892		
10		银河期货	3,380		-2,195		
11		新湖期货	3,176		-1,638		
12		浙商期货	3,033		-3,382		
13		国海良时	2,602		-8,651		
14		锦泰期货	1,935		-643		
15		鲁证期货	1,790		-4,762		
16		国元期货	1,778		-2,534		
17		南华期货	1,648		-27,708		
18		上海中期	1,535		-25,799		
19		格林大华	1,454		-11,846		
20		申银万国	1,307		-11,237		
总计				75,241		-122,485	

名次		会员简称	持买单量	增减		
1		上海中期	12,968		-752		
2		鲁证期货	7,695		28		
3		弘业期货	7,180		-36		
4		新湖期货	7,043		19		
5		国投安信	5,477		1		
6		方正中期	5,136		96		
7		格林大华	5,055		572		
8		南华期货	5,027		702		
9		中粮期货	3,739		2,007		
10		海通期货	3,050		984		
11		国海良时	2,069		112		
12		申银万国	2,017		-23		
13		银河期货	1,019		11		
14		迈科期货	716		55		
15		锦泰期货	592		52		
16		浙商期货	517		-31		
17		东证期货	466		-199		
18		美尔雅期货	398		-2		
19		广发期货	313		2		
20		福能期货	308		0		
总计				70,785		3,598		

名次		会员简称	持卖单量	增减		
1		上海中期	12,975		-753		
2		鲁证期货	7,614		-10		
3		弘业期货	7,128		-34		
4		新湖期货	7,040		-31		
5		国投安信	5,231		5		
6		方正中期	5,123		65		
7		格林大华	5,005		572		
8		南华期货	4,753		722		
9		中粮期货	3,668		2,026		
10		海通期货	2,994		983		
11		国海良时	2,034		100		
12		申银万国	2,024		-16		
13		兴证期货	1,609		0		
14		永安期货	1,051		0		
15		中信期货	1,015		3		
16		锦泰期货	710		31		
17		迈科期货	689		32		
18		宏源期货	575		0		
19		浙商期货	506		-36		
20		广州金控	410		0		
总计				72,154		3,659		



会员类别	总成交量	增减		
期货公司会员	75,241		-122,485	

会员类别	总持买单量	增减		
期货公司会员	70,785		3,598		

会员类别	总持卖单量	增减		
期货公司会员	72,154		3,659		

