								大连商品交易所 成交量_买持仓_卖持仓排名	

合约代码：y2005		Date：2020-02-14	

			期货公司会员	

名次		会员简称	成交量		增减		
1		东证期货	183,445		-19,508		
2		兴证期货	47,306		-16,458		
3		光大期货	42,191		-19,674		
4		中信期货	29,706		-3,228		
5		申银万国	25,576		-10,354		
6		国富期货	23,292		-4,802		
7		国泰君安	23,097		-2,606		
8		银河期货	17,651		-1,391		
9		方正中期	15,314		-6,173		
10		华泰期货	14,495		-5,474		
11		徽商期货	14,262		-9,564		
12		海通期货	13,908		-4,225		
13		浙商期货	13,474		-734		
14		国信期货	13,203		-4,684		
15		永安期货	12,778		-10,270		
16		国元期货	12,214		-3,037		
17		华安期货	12,170		-8,582		
18		国投安信	10,402		-6,049		
19		中粮期货	9,806		479		
20		广发期货	9,570		-2,314		
总计				543,860		-138,648	

名次		会员简称	持买单量	增减		
1		永安期货	37,810		1,706		
2		中信期货	18,766		-972		
3		东证期货	17,880		-2,727		
4		中粮期货	17,566		-516		
5		信达期货	14,498		215		
6		中财期货	11,813		268		
7		国泰君安	11,473		-557		
8		光大期货	11,045		145		
9		银河期货	10,680		-898		
10		浙商期货	9,458		-403		
11		五矿经易	8,170		57		
12		申银万国	7,266		172		
13		华泰期货	7,194		-704		
14		北京首创	7,074		-79		
15		宏源期货	6,389		-56		
16		兴业期货	6,184		-474		
17		格林大华	5,653		172		
18		中信建投	5,328		-205		
19		金瑞期货	4,967		217		
20		方正中期	4,944		590		
总计				224,158		-4,049		

名次		会员简称	持卖单量	增减		
1		国投安信	38,524		511		
2		中粮期货	33,343		-2,600		
3		摩根大通	27,578		-7		
4		中信期货	22,278		1,136		
5		一德期货	20,552		5,700		
6		信达期货	18,665		-4		
7		新湖期货	18,411		-147		
8		国泰君安	15,202		-346		
9		鲁证期货	15,092		6		
10		银河期货	12,825		-6,565		
11		安粮期货	11,403		683		
12		永安期货	9,794		-864		
13		海通期货	9,781		1,495		
14		平安期货	9,197		-1,235		
15		东证期货	9,153		1,632		
16		南华期货	8,741		-26		
17		五矿经易	6,166		169		
18		宏源期货	5,111		-894		
19		北京金鹏	4,922		-118		
20		华泰期货	4,794		175		
总计				301,532		-1,299		



会员类别	总成交量	增减		
期货公司会员	543,860		-138,648	

会员类别	总持买单量	增减		
期货公司会员	224,158		-4,049		

会员类别	总持卖单量	增减		
期货公司会员	301,532		-1,299		

