								大连商品交易所 成交量_买持仓_卖持仓排名	

合约代码：b2005		Date：2020-03-03	

			期货公司会员	

名次		会员简称	成交量		增减		
1		华泰期货	27,496		637		
2		国投安信	7,278		-41		
3		海通期货	6,658		-1,846		
4		中信期货	6,564		508		
5		永安期货	4,945		918		
6		方正中期	4,323		624		
7		国富期货	3,980		-2,458		
8		光大期货	3,944		473		
9		渤海期货	3,802		-28		
10		南华期货	3,400		945		
11		国泰君安	2,478		-185		
12		申银万国	2,431		646		
13		金瑞期货	2,145		-1,278		
14		东证期货	2,102		-641		
15		上海中期	2,075		364		
16		弘业期货	1,852		-252		
17		华安期货	1,732		-76		
18		国海良时	1,596		75		
19		迈科期货	1,294		941		
20		一德期货	1,129		140		
总计				91,224		-534		

名次		会员简称	持买单量	增减		
1		金瑞期货	8,170		740		
2		渤海期货	5,526		859		
3		五矿经易	3,482		18		
4		方正中期	2,895		1,420		
5		海通期货	2,751		55		
6		永安期货	2,310		1,121		
7		申银万国	2,303		-474		
8		国海良时	1,719		507		
9		国投安信	1,571		130		
10		东证期货	1,429		243		
11		光大期货	1,326		-111		
12		德盛期货	1,032		7		
13		弘业期货	864		674		
14		迈科期货	707		103		
15		信达期货	685		53		
16		兴证期货	649		-60		
17		福能期货	630		-31		
18		国泰君安	624		21		
19		徽商期货	611		-17		
20		大地期货	559		-1		
总计				39,843		5,257		

名次		会员简称	持卖单量	增减		
1		金瑞期货	8,179		879		
2		国投安信	5,968		992		
3		渤海期货	4,857		831		
4		海通期货	3,595		-25		
5		五矿经易	3,454		-6		
6		摩根大通	2,690		-141		
7		方正中期	2,514		1,361		
8		永安期货	2,323		1,082		
9		一德期货	2,010		879		
10		华安期货	1,623		513		
11		国海良时	1,605		475		
12		宏源期货	1,089		-65		
13		申银万国	1,035		-571		
14		中信期货	1,026		-70		
15		弘业期货	862		678		
16		光大期货	849		-257		
17		中天期货	731		-11		
18		北京首创	706		205		
19		银河期货	693		30		
20		华泰期货	576		-12		
总计				46,385		6,767		



会员类别	总成交量	增减		
期货公司会员	91,224		-534		

会员类别	总持买单量	增减		
期货公司会员	39,843		5,257		

会员类别	总持卖单量	增减		
期货公司会员	46,385		6,767		

