								大连商品交易所 成交量_买持仓_卖持仓排名	

合约代码：i2005		Date：2020-03-13	

			期货公司会员	

名次		会员简称	成交量		增减		
1		东证期货	345,246		86,147		
2		冠通期货	214,149		86,530		
3		国富期货	206,988		56,590		
4		国泰君安	139,894		-9,986		
5		申银万国	123,838		71,157		
6		永安期货	112,715		35,374		
7		华泰期货	112,692		35,327		
8		广发期货	106,231		66,621		
9		银河期货	100,280		33,605		
10		徽商期货	92,222		16,799		
11		光大期货	90,334		10,923		
12		方正中期	89,355		25,766		
13		海通期货	84,949		17,876		
14		中信期货	83,505		32,114		
15		东海期货	62,229		15,892		
16		中辉期货	55,339		17,187		
17		华安期货	45,096		5,537		
18		国投安信	35,825		8,638		
19		弘业期货	35,098		20,457		
20		宏源期货	33,184		10,521		
总计				2,169,169	643,075		

名次		会员简称	持买单量	增减		
1		永安期货	55,047		-14,966		
2		国泰君安	40,002		1,905		
3		华泰期货	34,824		16,248		
4		中信期货	28,446		-598		
5		东海期货	26,030		-5,590		
6		东证期货	20,363		1,799		
7		乾坤期货	20,210		-17		
8		一德期货	18,454		-10		
9		海通期货	15,592		-1,854		
10		申银万国	15,520		-3,355		
11		国富期货	14,481		-203		
12		方正中期	14,394		-597		
13		兴证期货	14,166		-6,046		
14		银河期货	13,507		1,279		
15		大地期货	11,723		-50		
16		鲁证期货	11,093		-3,473		
17		徽商期货	10,653		112		
18		浙商期货	10,527		-164		
19		国投安信	10,342		-149		
20		中信建投	10,254		-363		
总计				395,628		-16,092		

名次		会员简称	持卖单量	增减		
1		永安期货	45,764		2,921		
2		中信期货	35,192		-7,019		
3		华闻期货	27,412		-2,964		
4		银河期货	22,333		-14,547		
5		东海期货	19,733		6,825		
6		华泰期货	19,647		-3,372		
7		信达期货	19,408		-1,244		
8		东证期货	18,883		1,021		
9		一德期货	18,703		5,875		
10		鲁证期货	17,517		6,629		
11		国泰君安	17,476		-587		
12		中信建投	16,923		-1,202		
13		海通期货	15,841		6,373		
14		国贸期货	14,429		-830		
15		中粮期货	12,726		4,237		
16		国富期货	12,260		-295		
17		方正中期	11,911		-7,680		
18		弘业期货	10,733		5,181		
19		光大期货	10,042		-1,188		
20		兴证期货	8,996		-713		
总计				375,929		-2,579		



会员类别	总成交量	增减		
期货公司会员	2,169,169	643,075		

会员类别	总持买单量	增减		
期货公司会员	395,628		-16,092		

会员类别	总持卖单量	增减		
期货公司会员	375,929		-2,579		

