								大连商品交易所 成交量_买持仓_卖持仓排名	

合约代码：eg2009		Date：2020-03-02	

			期货公司会员	

名次		会员简称	成交量		增减		
1		东证期货	4,092		-1,849		
2		平安期货	2,137		-1,816		
3		国富期货	1,940		-446		
4		海通期货	1,520		41		
5		中信期货	1,317		-920		
6		东吴期货	1,065		-797		
7		方正中期	1,036		148		
8		招商期货	985		953		
9		金瑞期货	805		653		
10		安粮期货	644		11		
11		徽商期货	552		-344		
12		中银国际	501		484		
13		鲁证期货	489		416		
14		申银万国	481		-77		
15		华信期货	444		261		
16		华金期货	422		-282		
17		天风期货	394		-77		
18		光大期货	358		224		
19		国泰君安	357		-81		
20		华泰期货	338		-12		
总计				19,877		-3,510		

名次		会员简称	持买单量	增减		
1		通惠期货	7,487		0		
2		华泰期货	2,637		14		
3		新湖期货	1,957		-3		
4		国泰君安	1,804		-69		
5		永安期货	1,581		55		
6		中信期货	1,383		3		
7		天风期货	1,286		228		
8		国投安信	1,174		20		
9		方正中期	1,152		17		
10		银河期货	1,050		153		
11		招商期货	995		929		
12		广发期货	940		7		
13		南华期货	938		-2		
14		宝城期货	915		230		
15		东证期货	825		51		
16		平安期货	733		-272		
17		长城期货	683		0		
18		东海期货	657		-9		
19		东航期货	639		260		
20		中粮期货	604		3		
总计				29,440		1,615		

名次		会员简称	持卖单量	增减		
1		中融汇信	3,790		0		
2		银河期货	3,636		4		
3		中信期货	2,934		-42		
4		中银国际	2,573		501		
5		申银万国	1,676		-70		
6		永安期货	1,570		-42		
7		上海中期	1,487		-92		
8		格林大华	1,431		-2		
9		国贸期货	1,312		-11		
10		天风期货	1,165		30		
11		浙商期货	935		20		
12		方正中期	917		-21		
13		东证期货	895		263		
14		海证期货	742		110		
15		国元期货	742		-8		
16		东吴期货	722		49		
17		东海期货	687		22		
18		安粮期货	671		146		
19		国泰君安	668		-2		
20		华信期货	628		444		
总计				29,181		1,299		



会员类别	总成交量	增减		
期货公司会员	19,877		-3,510		

会员类别	总持买单量	增减		
期货公司会员	29,440		1,615		

会员类别	总持卖单量	增减		
期货公司会员	29,181		1,299		

