								大连商品交易所 成交量_买持仓_卖持仓排名	

合约代码：a2005		Date：20200304	

			期货公司会员	

名次		会员简称	成交量		增减		
1		中信期货	22,820		7,862		
2		东证期货	19,307		4,852		
3		华泰期货	19,004		284		
4		徽商期货	16,751		9,473		
5		华安期货	13,994		4,700		
6		国富期货	11,511		4,027		
7		海通期货	11,373		5,394		
8		方正中期	11,277		6,086		
9		国泰君安	10,861		2,982		
10		华信期货	10,651		4,214		
11		美尔雅期货	10,417		9,548		
12		东方财富	8,320		4,269		
13		宏源期货	6,643		2,744		
14		光大期货	5,573		3,264		
15		鲁证期货	5,360		2,817		
16		申银万国	5,204		2,225		
17		银河期货	4,942		2,652		
18		国投安信	4,917		3,279		
19		兴证期货	4,857		356		
20		安粮期货	4,451		2,681		
总计				208,233		83,709		

名次		会员简称	持买单量	增减		
1		浙商期货	11,225		-385		
2		中信期货	8,549		257		
3		永安期货	8,025		349		
4		国投安信	7,168		-2,083		
5		鲁证期货	7,037		-697		
6		东证期货	4,568		1,026		
7		兴证期货	3,769		453		
8		国泰君安	3,722		-376		
9		北京首创	3,523		-28		
10		海通期货	3,471		1,384		
11		方正中期	3,295		676		
12		中信建投	2,959		529		
13		一德期货	2,593		-258		
14		中财期货	2,562		253		
15		东吴期货	2,543		690		
16		广发期货	2,519		29		
17		华泰期货	2,484		161		
18		银河期货	2,472		382		
19		国联期货	1,918		171		
20		申银万国	1,863		92		
总计				86,265		2,625		

名次		会员简称	持卖单量	增减		
1		东证期货	5,650		-361		
2		光大期货	5,424		353		
3		中信期货	5,393		169		
4		国投安信	5,187		292		
5		中国国际	4,960		93		
6		五矿经易	4,621		545		
7		永安期货	4,247		410		
8		华安期货	3,959		339		
9		广州金控	3,500		-126		
10		南华期货	3,346		289		
11		东方财富	3,109		887		
12		渤海期货	2,981		204		
13		银河期货	2,795		156		
14		徽商期货	2,783		-435		
15		宏源期货	2,653		386		
16		鲁证期货	2,448		703		
17		中信建投	2,388		305		
18		申银万国	2,292		358		
19		招商期货	2,135		-108		
20		浙商期货	1,919		116		
总计				71,790		4,575		



会员类别	总成交量	增减		
期货公司会员	208,233		83,709		

会员类别	总持买单量	增减		
期货公司会员	86,265		2,625		

会员类别	总持卖单量	增减		
期货公司会员	71,790		4,575		

