								大连商品交易所 成交量_买持仓_卖持仓排名	

合约代码：v2005		Date：2020-02-13	

			期货公司会员	

名次		会员简称	成交量		增减		
1		东证期货	31,187		-5,778		
2		兴证期货	9,359		-3,878		
3		海通期货	9,034		-6,704		
4		申银万国	8,672		2,426		
5		永安期货	6,777		2,084		
6		国信期货	4,331		-148		
7		宏源期货	3,929		-1,331		
8		广发期货	3,875		2,555		
9		南华期货	3,354		1,703		
10		国泰君安	2,902		-1,897		
11		徽商期货	2,724		-1,307		
12		中信期货	2,537		-717		
13		国富期货	2,526		-1,277		
14		中辉期货	2,010		507		
15		方正中期	1,895		-723		
16		中大期货	1,836		-5,488		
17		华泰期货	1,672		-340		
18		中投期货	1,594		-31		
19		浙商期货	1,376		-2,997		
20		国投安信	1,373		466		
总计				102,963		-22,875		

名次		会员简称	持买单量	增减		
1		永安期货	54,160		759		
2		东证期货	12,463		-354		
3		浙商期货	10,148		-503		
4		中信期货	10,102		45		
5		国投安信	8,165		-513		
6		银河期货	5,690		-434		
7		中大期货	4,825		1,596		
8		中银国际	3,750		-8		
9		广发期货	3,644		2,951		
10		国海良时	2,515		94		
11		东海期货	2,440		191		
12		新湖期货	2,373		61		
13		中信建投	2,307		-20		
14		大地期货	2,272		-31		
15		中财期货	2,201		-116		
16		兴证期货	2,180		48		
17		南华期货	2,094		17		
18		国富期货	2,091		-456		
19		申银万国	2,042		749		
20		华泰期货	1,838		59		
总计				137,300		4,135		

名次		会员简称	持卖单量	增减		
1		东证期货	22,603		989		
2		永安期货	14,236		-532		
3		国泰君安	10,461		113		
4		申银万国	10,020		1,443		
5		中财期货	7,484		418		
6		中信期货	6,796		-290		
7		信达期货	6,556		205		
8		海通期货	5,540		-653		
9		一德期货	5,069		663		
10		中信建投	4,935		-13		
11		建信期货	4,491		262		
12		华泰期货	4,477		-213		
13		国贸期货	4,423		52		
14		国投安信	4,327		306		
15		长江期货	3,998		395		
16		浙商期货	3,615		35		
17		方正中期	3,599		100		
18		广州期货	3,530		110		
19		华金期货	3,345		321		
20		大地期货	2,847		74		
总计				132,352		3,785		



会员类别	总成交量	增减		
期货公司会员	102,963		-22,875		

会员类别	总持买单量	增减		
期货公司会员	137,300		4,135		

会员类别	总持卖单量	增减		
期货公司会员	132,352		3,785		

