								大连商品交易所 成交量_买持仓_卖持仓排名	

合约代码：i2005		Date：2020-02-19	

			期货公司会员	

名次		会员简称	成交量		增减		
1		冠通期货	198,553		-38,696		
2		国富期货	117,197		-67,244		
3		东证期货	106,805		-58,653		
4		国泰君安	68,590		-37,373		
5		光大期货	43,215		-11,275		
6		申银万国	41,752		-21,516		
7		银河期货	36,574		-3,583		
8		中信期货	35,931		-9,612		
9		海通期货	31,798		-26,430		
10		方正中期	31,169		-13,617		
11		广发期货	30,758		13,304		
12		永安期货	28,900		-28,971		
13		徽商期货	28,056		-9,513		
14		华泰期货	21,808		-8,458		
15		兴证期货	20,091		1,136		
16		国投安信	19,517		-6,054		
17		五矿经易	17,009		-10,744		
18		一德期货	16,096		-9,909		
19		中信建投	14,926		-3,558		
20		华安期货	13,441		-5,235		
总计				922,186		-356,001	

名次		会员简称	持买单量	增减		
1		永安期货	93,199		2,281		
2		中信期货	49,813		-871		
3		兴证期货	32,847		8,942		
4		国泰君安	31,973		106		
5		五矿经易	28,866		9,064		
6		方正中期	26,710		-88		
7		国富期货	25,246		-330		
8		一德期货	24,179		-1,203		
9		申银万国	23,458		761		
10		浙商期货	21,850		-2,032		
11		乾坤期货	19,042		-970		
12		国投安信	18,454		651		
13		东证期货	17,671		-1,088		
14		东海期货	16,226		370		
15		鲁证期货	16,152		1,403		
16		海通期货	15,631		717		
17		银河期货	15,121		-7,636		
18		混沌天成	15,014		3,585		
19		国联期货	13,732		-183		
20		华泰期货	13,327		170		
总计				518,511		13,649		

名次		会员简称	持卖单量	增减		
1		中信期货	66,136		4,776		
2		一德期货	51,561		2,047		
3		永安期货	43,759		1,731		
4		银河期货	40,799		904		
5		华泰期货	24,976		2,290		
6		方正中期	23,146		-2,179		
7		鲁证期货	22,678		282		
8		国富期货	21,986		-203		
9		东证期货	21,784		531		
10		国投安信	19,954		4,950		
11		中辉期货	19,201		455		
12		国泰君安	18,248		-1,056		
13		中信建投	16,447		786		
14		国贸期货	14,454		260		
15		广发期货	13,387		1,644		
16		华闻期货	13,353		712		
17		国信期货	12,625		-137		
18		海证期货	12,622		674		
19		中粮期货	11,919		1,030		
20		兴证期货	11,870		1,041		
总计				480,905		20,538		



会员类别	总成交量	增减		
期货公司会员	922,186		-356,001	

会员类别	总持买单量	增减		
期货公司会员	518,511		13,649		

会员类别	总持卖单量	增减		
期货公司会员	480,905		20,538		

