								大连商品交易所 成交量_买持仓_卖持仓排名	

合约代码：c2009		Date：2020-02-19	

			期货公司会员	

名次		会员简称	成交量		增减		
1		东证期货	14,005		-6,564		
2		徽商期货	11,241		-11,814		
3		中信期货	8,485		-816		
4		中财期货	7,485		7,050		
5		浙商期货	7,409		-2,702		
6		海通期货	6,968		-2,942		
7		金元期货	6,849		1,799		
8		华泰期货	6,523		1,900		
9		金瑞期货	6,202		2,033		
10		永安期货	5,980		-5,797		
11		华安期货	4,020		-790		
12		广州金控	3,961		381		
13		东海期货	3,885		-1,803		
14		光大期货	3,114		-3,236		
15		海证期货	2,918		-1,439		
16		国泰君安	2,560		-1,829		
17		华闻期货	2,155		-2,683		
18		国联期货	2,139		940		
19		国投安信	2,134		-2,920		
20		方正中期	2,132		-1,270		
总计				110,165		-32,502		

名次		会员简称	持买单量	增减		
1		光大期货	23,807		272		
2		中信期货	15,521		557		
3		国泰君安	11,703		271		
4		中原期货	10,031		6		
5		徽商期货	9,233		-194		
6		国投安信	9,184		-618		
7		中财期货	8,350		7,356		
8		永安期货	7,823		2,320		
9		鲁证期货	6,848		-12		
10		招金期货	6,477		-144		
11		东证期货	6,338		3		
12		东海期货	5,731		1,604		
13		民生期货	5,035		4		
14		中粮期货	4,867		107		
15		南华期货	4,629		209		
16		浙商期货	4,581		-490		
17		海通期货	4,525		-2,626		
18		东吴期货	4,380		393		
19		建信期货	4,313		711		
20		摩根大通	4,293		-291		
总计				157,669		9,438		

名次		会员简称	持卖单量	增减		
1		中粮期货	54,382		-41		
2		金瑞期货	27,203		722		
3		永安期货	23,399		-792		
4		国投安信	17,496		468		
5		中辉期货	15,539		-1		
6		中信期货	14,987		3,766		
7		浙商期货	11,109		5,809		
8		光大期货	11,107		172		
9		北京首创	11,013		-45		
10		国泰君安	8,368		967		
11		银河期货	7,709		-228		
12		摩根大通	7,051		51		
13		东证期货	6,478		2,108		
14		中州期货	4,104		10		
15		华安期货	4,071		-1,588		
16		华信期货	3,176		0		
17		冠通期货	3,097		-255		
18		南华期货	3,015		-484		
19		混沌天成	2,959		650		
20		申银万国	2,339		82		
总计				238,602		11,371		



会员类别	总成交量	增减		
期货公司会员	110,165		-32,502		

会员类别	总持买单量	增减		
期货公司会员	157,669		9,438		

会员类别	总持卖单量	增减		
期货公司会员	238,602		11,371		

