								大连商品交易所 成交量_买持仓_卖持仓排名	

合约代码：l2009		Date：2020-03-13	

			期货公司会员	

名次		会员简称	成交量		增减		
1		东证期货	49,140		10,137		
2		光大期货	12,814		3,001		
3		中信期货	7,800		3,121		
4		中信建投	6,880		6,172		
5		申银万国	5,735		3,412		
6		方正中期	5,339		2,208		
7		华泰期货	5,072		2,336		
8		海通期货	4,949		111		
9		信达期货	4,898		3,727		
10		永安期货	4,773		339		
11		新湖期货	4,067		2,730		
12		弘业期货	3,840		2,312		
13		长江期货	3,610		2,115		
14		广发期货	3,121		1,617		
15		浙商期货	3,051		1,396		
16		锦泰期货	2,906		883		
17		冠通期货	2,556		1,579		
18		银河期货	2,408		1,223		
19		兴证期货	2,404		1,336		
20		宏源期货	2,265		1,036		
总计				137,628		50,791		

名次		会员简称	持买单量	增减		
1		永安期货	12,946		733		
2		华泰期货	6,448		623		
3		东证期货	4,961		-133		
4		中大期货	4,229		90		
5		新湖期货	3,863		1,468		
6		南华期货	3,314		-284		
7		国泰君安	3,273		-294		
8		中粮期货	3,039		-489		
9		国投安信	3,031		-50		
10		徽商期货	2,859		711		
11		海通期货	2,744		416		
12		弘业期货	2,719		330		
13		浙商期货	2,441		221		
14		银河期货	2,396		-34		
15		华安期货	2,362		67		
16		信达期货	2,281		-435		
17		大地期货	2,174		-309		
18		中信期货	2,118		189		
19		鲁证期货	1,995		384		
20		方正中期	1,973		59		
总计				71,166		3,263		

名次		会员简称	持卖单量	增减		
1		申银万国	11,901		955		
2		弘业期货	10,618		1,086		
3		永安期货	9,443		872		
4		国投安信	9,339		-8		
5		华泰期货	8,457		1,183		
6		国海良时	6,412		826		
7		光大期货	5,755		518		
8		建信期货	5,177		301		
9		银河期货	4,732		-264		
10		浙商期货	3,840		660		
11		方正中期	3,705		574		
12		东海期货	3,137		263		
13		中信期货	2,682		-1,297		
14		国泰君安	2,547		506		
15		中大期货	2,407		719		
16		南华期货	2,403		299		
17		东证期货	2,207		805		
18		大有期货	1,959		93		
19		中国国际	1,759		3		
20		兴业期货	1,676		220		
总计				100,156		8,314		



会员类别	总成交量	增减		
期货公司会员	137,628		50,791		

会员类别	总持买单量	增减		
期货公司会员	71,166		3,263		

会员类别	总持卖单量	增减		
期货公司会员	100,156		8,314		

