								大连商品交易所 成交量_买持仓_卖持仓排名	

合约代码：jd2007		Date：2020-02-13	

			期货公司会员	

名次		会员简称	成交量		增减		
1		东证期货	7,543		3,503		
2		方正中期	3,665		-199		
3		东方财富	2,794		560		
4		徽商期货	2,420		181		
5		华安期货	2,253		429		
6		中信建投	2,145		-762		
7		中信期货	1,844		246		
8		国泰君安	1,758		832		
9		宏源期货	1,502		413		
10		光大期货	1,447		644		
11		海通期货	1,373		373		
12		广发期货	1,333		553		
13		永安期货	1,276		-3		
14		西部期货	1,137		-11		
15		长安期货	1,056		-335		
16		申银万国	953		355		
17		金元期货	947		385		
18		华泰期货	943		-127		
19		中辉期货	907		-18		
20		国信期货	887		-345		
总计				38,183		6,674		

名次		会员简称	持买单量	增减		
1		银河期货	2,041		32		
2		中信期货	1,032		158		
3		中信建投	731		-117		
4		国泰君安	635		-75		
5		徽商期货	529		-121		
6		光大期货	525		-184		
7		国海良时	524		229		
8		广发期货	521		67		
9		永安期货	489		-66		
10		安粮期货	462		13		
11		方正中期	420		116		
12		宏源期货	402		213		
13		东方财富	342		-240		
14		华泰期货	333		-64		
15		中辉期货	322		-5		
16		中银国际	316		0		
17		东航期货	309		98		
18		中州期货	236		-22		
19		平安期货	222		-5		
20		瑞达期货	214		195		
总计				10,605		222		

名次		会员简称	持卖单量	增减		
1		方正中期	1,333		-57		
2		华泰期货	1,289		95		
3		宏源期货	1,120		-271		
4		华安期货	792		98		
5		徽商期货	760		185		
6		国泰君安	664		-83		
7		平安期货	503		43		
8		光大期货	486		-17		
9		天风期货	484		73		
10		宝城期货	456		-8		
11		东方财富	454		348		
12		中信建投	449		18		
13		浙商期货	418		-62		
14		中辉期货	413		114		
15		格林大华	387		5		
16		先锋期货	350		3		
17		海通期货	339		-85		
18		南华期货	306		38		
19		新湖期货	292		1		
20		长江期货	266		-5		
总计				11,561		433		



会员类别	总成交量	增减		
期货公司会员	38,183		6,674		

会员类别	总持买单量	增减		
期货公司会员	10,605		222		

会员类别	总持卖单量	增减		
期货公司会员	11,561		433		

