								大连商品交易所 成交量_买持仓_卖持仓排名	

合约代码：eb2005		Date：2020-02-13	

			期货公司会员	

名次		会员简称	成交量		增减		
1		东证期货	9,748		-3,530		
2		中信期货	4,791		-1,708		
3		国富期货	2,879		-743		
4		华泰期货	2,205		-1,228		
5		徽商期货	2,151		-1,950		
6		海通期货	2,117		-1,448		
7		中辉期货	1,884		677		
8		永安期货	1,834		-1,598		
9		浙商期货	1,547		-270		
10		方正中期	1,457		88		
11		东吴期货	1,332		-410		
12		国联期货	1,292		-69		
13		平安期货	1,290		-1,051		
14		格林大华	1,241		-237		
15		五矿经易	1,222		-905		
16		国泰君安	1,070		-995		
17		先锋期货	1,049		-566		
18		兴证期货	1,039		-275		
19		鲁证期货	1,003		755		
20		南华期货	868		-1,094		
总计				42,019		-16,557		

名次		会员简称	持买单量	增减		
1		永安期货	11,833		52		
2		华泰期货	9,472		-156		
3		浙商期货	3,470		1,096		
4		一德期货	3,291		108		
5		东海期货	3,242		-58		
6		五矿经易	2,432		-400		
7		鲁证期货	2,064		454		
8		广发期货	1,422		-103		
9		方正中期	1,341		55		
10		国泰君安	1,123		29		
11		海证期货	1,043		38		
12		银河期货	1,028		46		
13		中信期货	1,028		-41		
14		北京首创	988		12		
15		东证期货	912		57		
16		申银万国	878		14		
17		南华期货	639		63		
18		天风期货	590		104		
19		中粮期货	576		-12		
20		华创期货	532		10		
总计				47,904		1,368		

名次		会员简称	持卖单量	增减		
1		永安期货	4,220		446		
2		南华期货	3,181		-211		
3		华泰期货	3,097		-105		
4		招商期货	2,784		-19		
5		五矿经易	2,711		102		
6		国泰君安	2,249		-63		
7		海通期货	2,190		85		
8		东证期货	2,183		-87		
9		国联期货	2,047		579		
10		中财期货	1,969		200		
11		鲁证期货	1,892		453		
12		国投安信	1,835		-326		
13		上海中期	1,772		1		
14		银河期货	1,745		489		
15		一德期货	1,624		110		
16		中信期货	1,618		-18		
17		大地期货	1,276		-25		
18		冠通期货	1,175		-224		
19		国贸期货	1,000		-8		
20		徽商期货	971		126		
总计				41,539		1,505		



会员类别	总成交量	增减		
期货公司会员	42,019		-16,557		

会员类别	总持买单量	增减		
期货公司会员	47,904		1,368		

会员类别	总持卖单量	增减		
期货公司会员	41,539		1,505		

