								大连商品交易所 成交量_买持仓_卖持仓排名	

合约代码：l2009		Date：2020-02-14	

			期货公司会员	

名次		会员简称	成交量		增减		
1		东证期货	11,459		-5,209		
2		中信期货	2,004		-597		
3		华泰期货	1,700		442		
4		光大期货	1,499		-203		
5		国富期货	1,229		-280		
6		申银万国	1,127		939		
7		大地期货	1,067		-741		
8		银河期货	798		700		
9		弘业期货	794		494		
10		永安期货	731		150		
11		方正中期	705		-217		
12		海通期货	503		-465		
13		中国国际	503		267		
14		浙商期货	497		264		
15		华安期货	477		-565		
16		迈科期货	439		257		
17		先融期货	434		127		
18		兴业期货	407		-1,357		
19		招商期货	405		122		
20		长江期货	396		-97		
总计				27,174		-5,969		

名次		会员简称	持买单量	增减		
1		永安期货	6,952		-145		
2		南华期货	3,882		-13		
3		华金期货	3,670		21		
4		华泰期货	3,380		600		
5		弘业期货	2,554		654		
6		中大期货	1,998		-6		
7		华安期货	1,850		12		
8		方正中期	1,832		-145		
9		海通期货	1,753		41		
10		银河期货	1,752		283		
11		中粮期货	1,688		-48		
12		浙商期货	1,677		-298		
13		东证期货	1,641		59		
14		徽商期货	1,549		46		
15		浙江新世纪	1,525		214		
16		大地期货	1,523		3		
17		中信期货	1,401		37		
18		国泰君安	1,309		111		
19		西南期货	1,278		8		
20		兴证期货	1,274		144		
总计				44,488		1,578		

名次		会员简称	持卖单量	增减		
1		申银万国	9,873		1,002		
2		弘业期货	8,924		-6		
3		华泰期货	7,284		808		
4		国投安信	5,235		0		
5		东证期货	4,764		-118		
6		光大期货	3,184		-10		
7		国海良时	2,842		-1		
8		天风期货	2,779		-6		
9		永安期货	2,236		50		
10		方正中期	2,130		-2		
11		中信期货	1,858		-451		
12		一德期货	1,774		213		
13		银河期货	1,656		349		
14		中国国际	1,645		-40		
15		建信期货	1,619		0		
16		大有期货	1,618		7		
17		浙商期货	1,539		-3		
18		兴业期货	1,482		-5		
19		信达期货	1,479		-3		
20		冠通期货	1,294		-79		
总计				65,215		1,705		



会员类别	总成交量	增减		
期货公司会员	27,174		-5,969		

会员类别	总持买单量	增减		
期货公司会员	44,488		1,578		

会员类别	总持卖单量	增减		
期货公司会员	65,215		1,705		

