								大连商品交易所 成交量_买持仓_卖持仓排名	

合约代码：v2005		Date：2020-03-02	

			期货公司会员	

名次		会员简称	成交量		增减		
1		东证期货	54,893		-3,085		
2		兴证期货	17,441		-3,223		
3		浙商期货	13,387		10,994		
4		永安期货	12,410		2,418		
5		国富期货	8,048		-2,377		
6		国泰君安	7,672		-246		
7		银河期货	6,919		1,582		
8		中信期货	5,559		-628		
9		宏源期货	5,514		-2,547		
10		徽商期货	5,308		798		
11		中大期货	4,393		1,501		
12		长江期货	4,108		1,532		
13		广发期货	4,054		1,080		
14		申银万国	3,767		-2,143		
15		广州期货	3,621		2,138		
16		海通期货	3,589		-2,002		
17		华泰期货	2,980		-908		
18		中财期货	2,579		-1,422		
19		中信建投	2,540		-546		
20		方正中期	2,358		-4,028		
总计				171,140		-1,112		

名次		会员简称	持买单量	增减		
1		永安期货	50,370		-4,352		
2		国投安信	14,245		-227		
3		东证期货	10,372		482		
4		中信期货	10,116		-139		
5		中大期货	9,060		831		
6		银河期货	7,302		1,796		
7		国泰君安	5,654		-260		
8		鲁证期货	5,429		489		
9		一德期货	5,211		12		
10		中银国际	3,763		93		
11		兴证期货	3,455		1,677		
12		浙商期货	3,248		-9,218		
13		天风期货	2,764		14		
14		华泰期货	2,644		424		
15		新湖期货	2,630		73		
16		中财期货	2,589		173		
17		国富期货	2,495		-56		
18		国海良时	2,460		14		
19		方正中期	2,447		-248		
20		华金期货	2,170		-6		
总计				148,424		-8,428		

名次		会员简称	持卖单量	增减		
1		东证期货	22,188		141		
2		国泰君安	13,739		-1,838		
3		永安期货	11,764		736		
4		一德期货	11,418		208		
5		中财期货	8,355		236		
6		海通期货	5,993		-25		
7		信达期货	5,536		-814		
8		建信期货	5,205		762		
9		中信期货	5,188		744		
10		浙商期货	4,987		29		
11		国信期货	4,705		-1,107		
12		申银万国	4,462		41		
13		华泰期货	4,094		-1,374		
14		中国国际	4,034		4		
15		大地期货	3,926		-28		
16		华金期货	3,693		934		
17		中银国际	3,524		-3		
18		长江期货	3,506		-1,964		
19		国投安信	2,992		-178		
20		广州期货	2,964		-876		
总计				132,273		-4,372		



会员类别	总成交量	增减		
期货公司会员	171,140		-1,112		

会员类别	总持买单量	增减		
期货公司会员	148,424		-8,428		

会员类别	总持卖单量	增减		
期货公司会员	132,273		-4,372		

