								大连商品交易所 成交量_买持仓_卖持仓排名	

合约代码：jd2006		Date：2020-03-02	

			期货公司会员	

名次		会员简称	成交量		增减		
1		徽商期货	8,670		5,879		
2		方正中期	7,688		3,175		
3		东证期货	7,462		700		
4		中信建投	6,056		3,901		
5		海通期货	3,672		1,390		
6		华泰期货	3,576		2,194		
7		东方财富	3,512		1,463		
8		华安期货	2,615		887		
9		西部期货	2,573		595		
10		广发期货	2,423		1,583		
11		浙江新世纪	2,377		1,989		
12		国信期货	1,870		616		
13		长安期货	1,801		1,094		
14		永安期货	1,745		930		
15		中信期货	1,709		172		
16		国泰君安	1,316		293		
17		申银万国	1,264		894		
18		先锋期货	1,254		320		
19		美尔雅期货	1,193		651		
20		安粮期货	1,164		558		
总计				63,940		29,284		

名次		会员简称	持买单量	增减		
1		中信期货	1,273		-135		
2		国泰君安	1,085		38		
3		中信建投	813		-227		
4		徽商期货	767		231		
5		中国国际	732		603		
6		东海期货	686		171		
7		方正中期	679		-52		
8		华安期货	642		163		
9		大地期货	634		34		
10		银河期货	578		-121		
11		广发期货	576		-115		
12		兴证期货	566		-10		
13		东方财富	476		-105		
14		大有期货	429		-473		
15		宏源期货	413		-23		
16		东证期货	395		-208		
17		申银万国	393		21		
18		平安期货	359		123		
19		海通期货	329		-234		
20		东航期货	321		35		
总计				12,146		-284		

名次		会员简称	持卖单量	增减		
1		华泰期货	1,501		45		
2		宏源期货	1,204		-124		
3		长江期货	1,078		-17		
4		一德期货	968		210		
5		方正中期	784		-368		
6		申银万国	761		569		
7		徽商期货	631		-1,451		
8		格林大华	619		206		
9		永安期货	618		102		
10		华安期货	603		-70		
11		东航期货	597		91		
12		广发期货	501		122		
13		中信期货	484		190		
14		美尔雅期货	428		149		
15		南华期货	416		17		
16		鲁证期货	365		251		
17		中粮期货	350		18		
18		银河期货	306		165		
19		浙商期货	301		42		
20		东海期货	300		-24		
总计				12,815		123		



会员类别	总成交量	增减		
期货公司会员	63,940		29,284		

会员类别	总持买单量	增减		
期货公司会员	12,146		-284		

会员类别	总持卖单量	增减		
期货公司会员	12,815		123		

