								大连商品交易所 成交量_买持仓_卖持仓排名	

合约代码：eg2005		Date：2020-03-13	

			期货公司会员	

名次		会员简称	成交量		增减		
1		东证期货	109,781		3,532		
2		海通期货	29,987		-386		
3		国富期货	26,095		142		
4		国泰君安	21,802		2,282		
5		中信期货	21,440		-659		
6		华安期货	9,445		-1,946		
7		永安期货	8,472		-1,272		
8		华泰期货	8,287		-2,590		
9		徽商期货	8,141		-3,307		
10		申银万国	7,872		286		
11		银河期货	7,796		2,268		
12		方正中期	7,542		-391		
13		南华期货	6,757		-1,923		
14		东吴期货	6,577		-3,800		
15		新湖期货	6,307		2,625		
16		兴证期货	6,072		-3,838		
17		天风期货	5,435		-173		
18		光大期货	5,278		-227		
19		东方财富	4,991		-2,755		
20		东航期货	4,762		-400		
总计				312,839		-12,532		

名次		会员简称	持买单量	增减		
1		通惠期货	15,579		-68		
2		中信期货	9,131		1,053		
3		东证期货	7,017		80		
4		建信期货	6,790		-35		
5		国贸期货	5,881		-332		
6		新湖期货	5,756		-1,795		
7		银河期货	4,748		105		
8		宏源期货	4,632		102		
9		英大期货	4,004		9		
10		中信建投	3,696		496		
11		永安期货	3,361		-386		
12		鲁证期货	3,360		28		
13		国泰君安	3,254		-314		
14		华泰期货	3,079		-322		
15		招商期货	3,032		-5		
16		浙商期货	2,138		-83		
17		兴业期货	1,989		49		
18		瑞达期货	1,913		21		
19		南华期货	1,760		178		
20		宝城期货	1,737		-184		
总计				92,857		-1,403		

名次		会员简称	持卖单量	增减		
1		永安期货	12,638		-1,312		
2		中信期货	9,691		103		
3		天风期货	7,323		-104		
4		东证期货	5,770		31		
5		五矿经易	4,813		497		
6		中粮期货	4,708		30		
7		银河期货	4,683		29		
8		东海期货	4,673		-370		
9		国泰君安	3,667		644		
10		浙商期货	3,556		246		
11		华泰期货	3,377		-141		
12		方正中期	3,107		149		
13		南华期货	2,980		-621		
14		海通期货	2,859		895		
15		宏源期货	2,851		58		
16		瑞达期货	2,766		71		
17		国投安信	2,712		-586		
18		鲁证期货	2,514		-165		
19		兴业期货	2,499		401		
20		东吴期货	2,344		-133		
总计				89,531		-278		



会员类别	总成交量	增减		
期货公司会员	312,839		-12,532		

会员类别	总持买单量	增减		
期货公司会员	92,857		-1,403		

会员类别	总持卖单量	增减		
期货公司会员	89,531		-278		

