								大连商品交易所 成交量_买持仓_卖持仓排名	

合约代码：eb2005		Date：2020-03-03	

			期货公司会员	

名次		会员简称	成交量		增减		
1		东证期货	15,719		208		
2		国富期货	6,140		1,132		
3		中信期货	5,497		596		
4		浙商期货	4,351		3,549		
5		海通期货	3,948		352		
6		华泰期货	3,376		-70		
7		格林大华	3,016		1,680		
8		徽商期货	2,595		-533		
9		南华期货	2,467		631		
10		银河期货	2,192		956		
11		一德期货	2,039		-42		
12		永安期货	2,029		-2,169		
13		国泰君安	1,891		145		
14		华安期货	1,848		906		
15		锦泰期货	1,843		-440		
16		东海期货	1,529		707		
17		天风期货	1,506		988		
18		方正中期	1,345		-115		
19		五矿经易	1,300		-191		
20		大地期货	1,247		-370		
总计				65,878		7,920		

名次		会员简称	持买单量	增减		
1		华泰期货	10,273		61		
2		永安期货	8,094		214		
3		浙商期货	4,548		1,292		
4		一德期货	3,695		-225		
5		国海良时	3,017		-15		
6		东海期货	2,933		192		
7		天风期货	2,709		146		
8		鲁证期货	2,589		314		
9		五矿经易	2,445		-46		
10		弘业期货	2,305		759		
11		广发期货	2,005		280		
12		中信期货	1,465		362		
13		南华期货	1,445		-708		
14		银河期货	1,430		400		
15		英大期货	1,424		436		
16		方正中期	1,246		20		
17		东证期货	1,169		142		
18		中粮期货	1,161		287		
19		国泰君安	1,143		107		
20		新湖期货	1,118		-8		
总计				56,214		4,010		

名次		会员简称	持卖单量	增减		
1		南华期货	6,470		341		
2		中财期货	5,469		31		
3		五矿经易	5,114		586		
4		永安期货	4,041		23		
5		招商期货	4,007		-97		
6		华信期货	3,692		-142		
7		中信期货	3,051		211		
8		东证期货	2,745		459		
9		鲁证期货	2,622		369		
10		华泰期货	2,307		345		
11		中信建投	2,289		148		
12		东吴期货	2,100		545		
13		一德期货	1,916		-40		
14		银河期货	1,901		-154		
15		国泰君安	1,753		-42		
16		大地期货	1,595		137		
17		国投安信	1,575		391		
18		国联期货	1,573		41		
19		宏源期货	1,234		9		
20		建信期货	1,133		179		
总计				56,587		3,340		



会员类别	总成交量	增减		
期货公司会员	65,878		7,920		

会员类别	总持买单量	增减		
期货公司会员	56,214		4,010		

会员类别	总持卖单量	增减		
期货公司会员	56,587		3,340		

