								大连商品交易所 成交量_买持仓_卖持仓排名	

合约代码：j2005		Date：2020-03-03	

			期货公司会员	

名次		会员简称	成交量		增减		
1		东证期货	35,750		-4,743		
2		国富期货	16,136		-10,801		
3		中信期货	7,869		-4,038		
4		海通期货	6,675		-1,684		
5		光大期货	6,202		-7,754		
6		方正中期	3,939		-3,174		
7		申银万国	3,672		-1,477		
8		永安期货	3,379		-1,822		
9		国泰君安	3,041		-3,774		
10		华安期货	2,949		-1,614		
11		银河期货	2,799		-2,534		
12		山西三立	2,706		-727		
13		华泰期货	2,695		-6,704		
14		徽商期货	2,343		-2,264		
15		弘业期货	2,331		-1,027		
16		新纪元期货	2,268		-1,935		
17		金瑞期货	2,214		-80		
18		鲁证期货	2,175		176		
19		宁证期货	1,913		-427		
20		德盛期货	1,904		-367		
总计				112,960		-56,770		

名次		会员简称	持买单量	增减		
1		东证期货	9,525		-1,680		
2		中信期货	8,055		-310		
3		永安期货	6,169		-134		
4		国富期货	4,969		-1,621		
5		浙商期货	4,608		-265		
6		五矿经易	3,346		-82		
7		一德期货	2,914		181		
8		华泰期货	2,887		-398		
9		广发期货	2,875		23		
10		海通期货	2,428		-551		
11		中信建投	2,181		152		
12		大越期货	2,054		16		
13		国泰君安	2,006		-260		
14		天风期货	1,924		129		
15		大地期货	1,922		29		
16		国投安信	1,878		-54		
17		光大期货	1,782		-426		
18		方正中期	1,720		-68		
19		招金期货	1,645		-37		
20		东海期货	1,492		-9		
总计				66,380		-5,365		

名次		会员简称	持卖单量	增减		
1		东证期货	9,061		-3,648		
2		永安期货	8,922		723		
3		中信期货	7,298		-429		
4		国富期货	4,693		-1,663		
5		一德期货	3,719		539		
6		银河期货	3,423		-222		
7		华泰期货	3,340		-179		
8		海通期货	3,163		544		
9		兴证期货	2,792		180		
10		浙商期货	2,657		37		
11		中信建投	2,602		4		
12		五矿经易	2,498		17		
13		招商期货	2,091		-92		
14		光大期货	1,966		-376		
15		方正中期	1,898		-479		
16		中财期货	1,898		28		
17		鲁证期货	1,892		1,011		
18		华安期货	1,687		94		
19		中辉期货	1,484		208		
20		弘业期货	1,461		223		
总计				68,545		-3,480		



会员类别	总成交量	增减		
期货公司会员	112,960		-56,770		

会员类别	总持买单量	增减		
期货公司会员	66,380		-5,365		

会员类别	总持卖单量	增减		
期货公司会员	68,545		-3,480		

