								大连商品交易所 成交量_买持仓_卖持仓排名	

合约代码：jd2004		Date：2020-03-13	

			期货公司会员	

名次		会员简称	成交量		增减		
1		徽商期货	4,007		720		
2		方正中期	3,537		-432		
3		东方财富	2,700		-635		
4		海通期货	2,256		-2,258		
5		宏源期货	2,224		106		
6		华安期货	1,905		149		
7		国信期货	1,671		-101		
8		中信建投	1,504		-207		
9		光大期货	1,480		-902		
10		国泰君安	1,259		85		
11		先锋期货	1,250		155		
12		安粮期货	1,248		242		
13		天风期货	1,157		514		
14		永安期货	1,151		-722		
15		国元期货	1,149		-165		
16		申银万国	978		46		
17		平安期货	920		-425		
18		美尔雅期货	902		-1,132		
19		中信期货	884		-907		
20		中辉期货	853		-112		
总计				33,035		-5,981		

名次		会员简称	持买单量	增减		
1		东方财富	934		-141		
2		徽商期货	927		-188		
3		方正中期	746		-387		
4		华安期货	589		-9		
5		国泰君安	587		-258		
6		中信建投	540		6		
7		平安期货	498		144		
8		广发期货	482		-174		
9		永安期货	428		-72		
10		上海大陆	383		62		
11		中信期货	375		1		
12		银河期货	365		-119		
13		申银万国	321		-68		
14		东证期货	318		-27		
15		新纪元期货	317		-2		
16		先锋期货	314		86		
17		华泰期货	281		34		
18		鲁证期货	280		6		
19		国信期货	262		-77		
20		宏源期货	216		15		
总计				9,163		-1,168		

名次		会员简称	持卖单量	增减		
1		汇鑫期货	2,164		413		
2		宝城期货	1,018		-11		
3		英大期货	854		-38		
4		方正中期	845		-58		
5		浙商期货	845		-6		
6		宏源期货	629		-93		
7		中辉期货	569		-6		
8		美尔雅期货	569		-140		
9		徽商期货	554		-229		
10		永安期货	553		-185		
11		南华期货	424		-4		
12		银河期货	364		-4		
13		中信建投	358		-86		
14		华安期货	335		-4		
15		海通期货	318		-41		
16		中粮期货	306		27		
17		东海期货	306		6		
18		光大期货	293		-33		
19		格林大华	288		-140		
20		鲁证期货	282		-11		
总计				11,874		-643		



会员类别	总成交量	增减		
期货公司会员	33,035		-5,981		

会员类别	总持买单量	增减		
期货公司会员	9,163		-1,168		

会员类别	总持卖单量	增减		
期货公司会员	11,874		-643		

