								大连商品交易所 成交量_买持仓_卖持仓排名	

合约代码：pp2005		Date：2020-02-19	

			期货公司会员	

名次		会员简称	成交量		增减		
1		东证期货	98,321		-26,182		
2		中信期货	45,000		6,587		
3		国富期货	29,537		-4,444		
4		海通期货	22,345		-8,849		
5		永安期货	21,148		1,723		
6		华安期货	18,442		-658		
7		南华期货	18,268		-1,375		
8		徽商期货	17,963		-11,517		
9		国泰君安	16,834		-3,277		
10		方正中期	14,920		-5,570		
11		华泰期货	14,629		-1,141		
12		国投安信	10,903		-89		
13		银河期货	10,782		742		
14		东方财富	9,121		-1,669		
15		浙商期货	8,346		1,281		
16		安粮期货	7,783		-2,372		
17		东航期货	7,682		-1,892		
18		长江期货	7,553		-1,307		
19		申银万国	7,493		-6,346		
20		弘业期货	7,446		-1,059		
总计				394,516		-67,414		

名次		会员简称	持买单量	增减		
1		永安期货	26,940		-58		
2		方正中期	19,665		-86		
3		中信期货	16,920		3,671		
4		新湖期货	12,449		-502		
5		中信建投	12,436		1,263		
6		国投安信	11,801		-1,259		
7		弘业期货	10,610		-526		
8		申银万国	9,863		-533		
9		东证期货	9,384		-281		
10		华泰期货	9,315		-980		
11		银河期货	8,838		-1,573		
12		国泰君安	7,645		2,747		
13		瑞达期货	7,620		439		
14		南华期货	7,439		-398		
15		徽商期货	6,925		-456		
16		浙商期货	6,833		-314		
17		兴业期货	6,137		-681		
18		东海期货	6,133		260		
19		北京首创	5,886		-1,009		
20		国海良时	5,694		154		
总计				208,533		-122		

名次		会员简称	持卖单量	增减		
1		永安期货	39,246		-4,378		
2		申银万国	28,140		2,336		
3		中信期货	19,326		-2,981		
4		浙商期货	16,372		1,340		
5		中银国际	11,354		384		
6		银河期货	11,132		195		
7		国泰君安	10,646		-43		
8		南华期货	10,635		2,250		
9		东证期货	10,197		-270		
10		华泰期货	9,954		-967		
11		倍特期货	8,815		2,055		
12		瑞达期货	8,175		-1,821		
13		方正中期	8,106		1,080		
14		中财期货	6,202		-116		
15		浙江新世纪	5,855		1,776		
16		国投安信	5,273		-640		
17		建信期货	5,270		264		
18		中大期货	5,244		717		
19		东吴期货	5,140		1		
20		兴业期货	4,840		416		
总计				229,922		1,598		



会员类别	总成交量	增减		
期货公司会员	394,516		-67,414		

会员类别	总持买单量	增减		
期货公司会员	208,533		-122		

会员类别	总持卖单量	增减		
期货公司会员	229,922		1,598		

