								大连商品交易所 成交量_买持仓_卖持仓排名	

合约代码：jd2009		Date：2020-03-03	

			期货公司会员	

名次		会员简称	成交量		增减		
1		东证期货	9,481		286		
2		国富期货	4,810		-2,140		
3		徽商期货	3,712		-2,058		
4		方正中期	2,426		-1,268		
5		华安期货	2,293		-874		
6		海通期货	2,164		-1,523		
7		申银万国	2,068		-909		
8		中信期货	1,877		-1,867		
9		天风期货	1,633		-305		
10		华泰期货	1,423		-1,793		
11		长江期货	1,407		-237		
12		永安期货	1,335		-311		
13		国投安信	1,115		-443		
14		银河期货	1,056		-675		
15		新湖期货	914		-309		
16		东方财富	882		-490		
17		国海良时	804		-31		
18		宏源期货	803		-2,415		
19		一德期货	791		169		
20		先锋期货	780		181		
总计				41,774		-17,012		

名次		会员简称	持买单量	增减		
1		国泰君安	3,961		74		
2		宏源期货	3,187		-136		
3		中州期货	2,149		-41		
4		徽商期货	2,129		-46		
5		中信期货	2,016		-210		
6		新湖期货	1,744		66		
7		华安期货	1,733		285		
8		国海良时	1,674		-104		
9		瑞达期货	1,564		-62		
10		华信期货	1,433		-151		
11		中国国际	1,200		79		
12		永安期货	1,059		37		
13		东海期货	980		-63		
14		方正中期	971		-10		
15		国投安信	949		135		
16		华泰期货	940		50		
17		浙商期货	939		119		
18		国富期货	939		-18		
19		广发期货	912		-5		
20		银河期货	908		-45		
总计				31,387		-46		

名次		会员简称	持卖单量	增减		
1		华泰期货	2,693		-111		
2		国泰君安	2,264		30		
3		徽商期货	1,944		-56		
4		宏源期货	1,893		39		
5		永安期货	1,835		-2		
6		方正中期	1,734		18		
7		长江期货	1,599		0		
8		中国国际	1,435		-59		
9		国富期货	1,433		82		
10		广发期货	1,406		85		
11		格林大华	1,402		-30		
12		东证期货	1,394		58		
13		银河期货	1,258		53		
14		东海期货	1,255		-51		
15		中信期货	1,226		-129		
16		申银万国	1,166		9		
17		安粮期货	1,087		18		
18		华安期货	1,083		-8		
19		东方财富	991		26		
20		中辉期货	988		32		
总计				30,086		4		



会员类别	总成交量	增减		
期货公司会员	41,774		-17,012		

会员类别	总持买单量	增减		
期货公司会员	31,387		-46		

会员类别	总持卖单量	增减		
期货公司会员	30,086		4		

