								大连商品交易所 成交量_买持仓_卖持仓排名	

合约代码：c2009		Date：2020-03-02	

			期货公司会员	

名次		会员简称	成交量		增减		
1		东证期货	27,276		4,988		
2		海通期货	18,279		5,804		
3		徽商期货	16,398		-1,405		
4		中信期货	15,683		-11,689		
5		广州金控	14,183		9,932		
6		鲁证期货	12,759		11,434		
7		国泰君安	12,713		6,477		
8		永安期货	11,337		1,865		
9		中粮期货	10,637		8,058		
10		华泰期货	9,832		3,041		
11		摩根大通	8,935		7,959		
12		一德期货	8,362		7,341		
13		光大期货	7,760		2,715		
14		广发期货	6,996		1,716		
15		海证期货	6,709		3,246		
16		申银万国	6,485		-3,829		
17		国投安信	6,425		-2,341		
18		长江期货	6,410		1,263		
19		金瑞期货	4,889		881		
20		中信建投	4,325		-2,485		
总计				216,393		54,971		

名次		会员简称	持买单量	增减		
1		中财期货	28,349		1,063		
2		鲁证期货	28,098		11,772		
3		光大期货	24,110		491		
4		永安期货	21,300		-2,994		
5		中信期货	16,716		-1,628		
6		一德期货	16,204		7,662		
7		建信期货	11,572		2,291		
8		国投安信	9,797		-271		
9		海通期货	9,282		2,741		
10		中信建投	7,279		-1,429		
11		徽商期货	6,912		-2,304		
12		国泰君安	6,720		-1,233		
13		招金期货	6,667		105		
14		中粮期货	6,622		-172		
15		北京首创	6,231		2,127		
16		民生期货	6,126		373		
17		中原期货	5,887		-371		
18		东海期货	5,561		-648		
19		东证期货	4,282		-850		
20		浙商期货	4,123		-41		
总计				231,838		16,684		

名次		会员简称	持卖单量	增减		
1		中粮期货	52,796		-7,465		
2		国投安信	43,074		2,770		
3		中信期货	38,567		4,733		
4		金瑞期货	33,747		236		
5		永安期货	28,756		4,315		
6		中辉期货	20,896		364		
7		摩根大通	14,926		7,365		
8		东证期货	13,559		2,286		
9		光大期货	12,361		547		
10		浙商期货	10,423		2,908		
11		国泰君安	9,996		578		
12		徽商期货	7,101		4,378		
13		银河期货	6,788		1,273		
14		南华期货	5,789		1,362		
15		海通期货	4,111		1,534		
16		华安期货	3,388		257		
17		华信期货	3,298		1		
18		冠通期货	2,999		184		
19		中州期货	2,909		-61		
20		中信建投	2,674		86		
总计				318,158		27,651		



会员类别	总成交量	增减		
期货公司会员	216,393		54,971		

会员类别	总持买单量	增减		
期货公司会员	231,838		16,684		

会员类别	总持卖单量	增减		
期货公司会员	318,158		27,651		

