								大连商品交易所 成交量_买持仓_卖持仓排名	

合约代码：i2005		Date：2020-02-13	

			期货公司会员	

名次		会员简称	成交量		增减		
1		东证期货	148,251		-8,489		
2		国泰君安	141,047		35,040		
3		国富期货	135,858		2,034		
4		冠通期货	121,947		-27,506		
5		光大期货	88,989		-8,758		
6		申银万国	66,170		-321		
7		方正中期	58,669		9,163		
8		中信期货	52,481		-4,631		
9		银河期货	49,295		369		
10		永安期货	42,579		6,614		
11		徽商期货	34,091		-21,891		
12		华泰期货	33,664		7,628		
13		海通期货	30,831		-22,061		
14		一德期货	24,324		5,416		
15		海证期货	23,361		-3,312		
16		广发期货	22,030		-20,567		
17		中辉期货	21,345		-10,507		
18		华安期货	19,315		-3,527		
19		弘业期货	18,927		7,487		
20		国投安信	17,658		-2,094		
总计				1,150,832	-59,913		

名次		会员简称	持买单量	增减		
1		永安期货	60,467		8,827		
2		中信期货	48,267		859		
3		五矿经易	33,629		-392		
4		国泰君安	33,384		13,599		
5		银河期货	30,861		479		
6		国富期货	24,695		544		
7		鲁证期货	23,557		177		
8		申银万国	21,109		1,797		
9		浙商期货	20,167		874		
10		一德期货	20,134		3,664		
11		东证期货	19,007		2,402		
12		乾坤期货	16,902		-200		
13		海通期货	16,378		-36		
14		兴证期货	16,030		-861		
15		国投安信	15,443		526		
16		东海期货	15,351		-1,127		
17		华泰期货	14,884		4,024		
18		方正中期	13,295		-52		
19		徽商期货	11,771		-349		
20		大地期货	11,264		-21		
总计				466,595		34,734		

名次		会员简称	持卖单量	增减		
1		中信期货	52,722		-1,118		
2		一德期货	48,109		1,936		
3		银河期货	37,188		1,578		
4		永安期货	36,454		1,510		
5		方正中期	22,038		-537		
6		东证期货	21,288		125		
7		国富期货	21,140		382		
8		鲁证期货	20,267		2,387		
9		国泰君安	18,207		-2,542		
10		海通期货	15,401		-29		
11		华泰期货	14,997		3,352		
12		中信建投	14,923		822		
13		国贸期货	14,792		-826		
14		国投安信	12,401		684		
15		道通期货	12,152		-3,996		
16		国信期货	11,876		757		
17		广发期货	11,233		172		
18		冠通期货	11,225		1,304		
19		弘业期货	10,635		4,857		
20		中辉期货	10,134		1,519		
总计				417,182		12,337		



会员类别	总成交量	增减		
期货公司会员	1,150,832	-59,913		

会员类别	总持买单量	增减		
期货公司会员	466,595		34,734		

会员类别	总持卖单量	增减		
期货公司会员	417,182		12,337		

