								大连商品交易所 成交量_买持仓_卖持仓排名	

合约代码：m2005		Date：2020-03-13	

			期货公司会员	

名次		会员简称	成交量		增减		
1		东证期货	314,270		121,088		
2		国泰君安	93,184		76,515		
3		兴证期货	84,409		55,580		
4		申银万国	71,633		50,688		
5		华泰期货	71,087		42,724		
6		格林大华	63,166		56,214		
7		徽商期货	60,418		49,545		
8		海通期货	55,707		24,829		
9		中信期货	48,239		26,436		
10		国投安信	41,460		14,656		
11		光大期货	41,095		25,746		
12		国富期货	40,478		-11,307		
13		银河期货	37,015		26,173		
14		东海期货	36,985		26,649		
15		中粮期货	36,299		12,290		
16		永安期货	32,250		18,341		
17		东吴期货	29,503		25,647		
18		华安期货	29,157		18,160		
19		金瑞期货	27,343		14,399		
20		宏源期货	24,478		13,969		
总计				1,238,176	688,342		

名次		会员简称	持买单量	增减		
1		永安期货	61,022		-3,198		
2		华泰期货	44,230		3,089		
3		格林大华	39,666		-15,105		
4		广发期货	39,000		2,119		
5		一德期货	37,868		-201		
6		浙商期货	37,035		-462		
7		国投安信	33,099		-5,669		
8		申银万国	26,057		-3,344		
9		中粮期货	25,305		-3,669		
10		大越期货	24,168		-3,798		
11		中信期货	23,664		-1,320		
12		摩根大通	22,566		-926		
13		宝城期货	21,559		-498		
14		五矿经易	21,118		1,820		
15		大地期货	19,681		-79		
16		南华期货	18,236		-10		
17		银河期货	17,609		-6,560		
18		国泰君安	16,376		-5,923		
19		瑞达期货	14,578		834		
20		鲁证期货	14,473		-4,766		
总计				557,310		-47,666		

名次		会员简称	持卖单量	增减		
1		中粮期货	187,845		1,172		
2		国投安信	125,995		7,013		
3		一德期货	49,561		-7,624		
4		鲁证期货	47,944		-4,236		
5		国泰君安	39,831		-2,363		
6		中信期货	32,562		-11,111		
7		信达期货	28,319		-6,117		
8		银河期货	27,356		-3,363		
9		新湖期货	25,272		-5,289		
10		东证期货	24,893		5,504		
11		摩根大通	23,486		-6,058		
12		永安期货	22,787		-3,030		
13		广发期货	22,104		2,415		
14		南华期货	19,012		586		
15		海通期货	16,163		-667		
16		平安期货	16,052		-769		
17		北京金鹏	15,960		17		
18		格林大华	15,075		-1,421		
19		兴业期货	14,345		-3,662		
20		西南期货	10,499		-3,751		
总计				765,061		-42,754		



会员类别	总成交量	增减		
期货公司会员	1,238,176	688,342		

会员类别	总持买单量	增减		
期货公司会员	557,310		-47,666		

会员类别	总持卖单量	增减		
期货公司会员	765,061		-42,754		

