								大连商品交易所 成交量_买持仓_卖持仓排名	

合约代码：cs2005		Date：2020-02-13	

			期货公司会员	

名次		会员简称	成交量		增减		
1		东证期货	16,313		-16,850		
2		国富期货	3,433		-2,300		
3		兴证期货	2,850		-1,084		
4		永安期货	2,366		-914		
5		方正中期	2,208		-2,245		
6		海通期货	2,152		-2,041		
7		中信期货	2,127		-2,784		
8		国泰君安	1,992		-3,737		
9		五矿经易	1,976		19		
10		华泰期货	1,849		-477		
11		摩根大通	1,482		1,449		
12		光大期货	1,445		925		
13		华联期货	1,343		-621		
14		徽商期货	1,302		-2,109		
15		华安期货	1,225		-1,100		
16		申银万国	1,203		-2,272		
17		天风期货	1,199		942		
18		广发期货	1,153		-3,631		
19		浙商期货	1,129		-1,910		
20		长安期货	991		-1,546		
总计				49,738		-42,286		

名次		会员简称	持买单量	增减		
1		瑞达期货	7,110		-8		
2		东证期货	4,594		80		
3		华安期货	3,823		212		
4		广发期货	3,147		-578		
5		光大期货	2,916		-1,177		
6		永安期货	2,871		73		
7		中信期货	2,705		54		
8		中信建投	2,511		-27		
9		徽商期货	1,755		231		
10		上海大陆	1,710		67		
11		国贸期货	1,675		0		
12		浙商期货	1,594		713		
13		华泰期货	1,504		-42		
14		南华期货	1,293		176		
15		国泰君安	1,087		137		
16		中国国际	1,016		3		
17		国富期货	1,002		-39		
18		中粮期货	939		-3		
19		国联期货	841		286		
20		海通期货	812		-86		
总计				44,905		72		

名次		会员简称	持卖单量	增减		
1		中信期货	9,866		-453		
2		永安期货	6,895		623		
3		国泰君安	4,139		-109		
4		华泰期货	3,840		415		
5		国富期货	3,839		1,856		
6		摩根大通	3,769		-1,482		
7		兴证期货	3,424		503		
8		宏源期货	2,112		-23		
9		中信建投	1,968		-43		
10		中金期货	1,834		-8		
11		东证期货	1,764		59		
12		浙商期货	1,362		94		
13		国信期货	1,350		-181		
14		南华期货	1,283		104		
15		申银万国	1,241		-44		
16		方正中期	1,127		-111		
17		银河期货	1,079		175		
18		国投安信	1,041		-15		
19		五矿经易	978		-80		
20		海通期货	848		-6		
总计				53,759		1,274		



会员类别	总成交量	增减		
期货公司会员	49,738		-42,286		

会员类别	总持买单量	增减		
期货公司会员	44,905		72		

会员类别	总持卖单量	增减		
期货公司会员	53,759		1,274		

