								大连商品交易所 成交量_买持仓_卖持仓排名	

合约代码：c2003		Date：2020-02-14	

			期货公司会员	

名次		会员简称	成交量		增减		
1		国投安信	9,171		3,536		
2		金瑞期货	9,001		9,001		
3		徽商期货	3,072		3,004		
4		永安期货	2,394		-569		
5		天风期货	820		740		
6		中信期货	770		556		
7		摩根大通	600		85		
8		华泰期货	545		529		
9		鲁证期货	467		-74		
10		方正中期	438		426		
11		西部期货	274		274		
12		东证期货	226		-758		
13		山金期货	172		172		
14		海通期货	152		6		
15		浙商期货	111		11		
16		德盛期货	70		70		
17		华安期货	66		20		
18		平安期货	53		-4		
19		首创京都	37		37		
20		安粮期货	32		-4		
总计				28,471		17,058		

名次		会员简称	持买单量	增减		
1		永安期货	6,005		747		
2		徽商期货	2,469		-3,020		
3		华泰期货	1,417		9		
4		国投安信	1,203		-8,325		
5		鲁证期货	1,102		-230		
6		海通期货	995		-24		
7		中大期货	670		4		
8		西部期货	289		-274		
9		中衍期货	125		2		
10		银河期货	123		-1		
11		广发期货	76		-1		
12		兴证期货	64		-31		
13		大地期货	34		0		
14		平安期货	28		-8		
15		招商期货	28		-2		
16		方正中期	25		-202		
17		神华期货	22		0		
18		一德期货	18		0		
19		国泰君安	18		-20		
20		浙商期货	17		-100		
总计				14,728		-11,476		

名次		会员简称	持卖单量	增减		
1		广州金控	3,059		0		
2		华泰期货	1,988		-522		
3		金瑞期货	1,825		-8,999		
4		鲁证期货	1,031		-213		
5		中国国际	900		0		
6		一德期货	800		0		
7		摩根大通	705		-600		
8		中大期货	661		0		
9		中粮期货	562		-1		
10		浙商期货	544		1		
11		国联期货	450		0		
12		国泰君安	417		0		
13		中财期货	300		0		
14		前海期货	300		0		
15		宏源期货	300		0		
16		西部期货	202		0		
17		永安期货	166		-305		
18		光大期货	110		0		
19		兴证期货	104		0		
20		中信期货	87		-8		
总计				14,511		-10,647		



会员类别	总成交量	增减		
期货公司会员	28,471		17,058		

会员类别	总持买单量	增减		
期货公司会员	14,728		-11,476		

会员类别	总持卖单量	增减		
期货公司会员	14,511		-10,647		

