								大连商品交易所 成交量_买持仓_卖持仓排名	

合约代码：jd2005		Date：2020-02-19	

			期货公司会员	

名次		会员简称	成交量		增减		
1		东证期货	139,121		55,334		
2		徽商期货	85,509		34,041		
3		中信期货	57,092		13,344		
4		东方财富	52,493		17,384		
5		东吴期货	51,660		27,182		
6		方正中期	44,912		9,950		
7		华泰期货	44,372		15,423		
8		华安期货	43,925		15,702		
9		国泰君安	39,529		9,686		
10		国富期货	38,817		4,384		
11		海通期货	33,377		10,319		
12		申银万国	31,949		8,733		
13		永安期货	31,282		16,979		
14		宏源期货	29,068		9,458		
15		银河期货	29,030		13,583		
16		中信建投	28,899		3,504		
17		广发期货	23,373		4,876		
18		光大期货	21,011		5,785		
19		平安期货	18,348		3,846		
20		安粮期货	17,634		3,999		
总计				861,401		283,512		

名次		会员简称	持买单量	增减		
1		中信期货	11,399		287		
2		徽商期货	9,292		-176		
3		国泰君安	8,272		-417		
4		永安期货	7,598		-787		
5		方正中期	7,410		38		
6		华泰期货	7,123		-248		
7		海通期货	6,093		189		
8		中信建投	6,053		-558		
9		华安期货	6,033		-283		
10		南华期货	6,000		196		
11		宏源期货	5,962		530		
12		银河期货	5,760		199		
13		东方财富	5,750		-365		
14		广发期货	5,732		-509		
15		申银万国	4,821		37		
16		光大期货	4,774		261		
17		长江期货	4,551		-250		
18		东证期货	4,550		-464		
19		鲁证期货	4,542		1,344		
20		新纪元期货	4,216		-669		
总计				125,931		-1,645		

名次		会员简称	持卖单量	增减		
1		永安期货	13,206		-1,671		
2		方正中期	12,130		-682		
3		徽商期货	9,523		1,635		
4		中信期货	9,492		471		
5		华泰期货	8,152		-882		
6		华安期货	7,959		546		
7		国泰君安	7,697		-164		
8		宏源期货	7,587		-2,744		
9		东方财富	7,282		1,938		
10		中信建投	6,950		757		
11		东证期货	6,912		825		
12		长江期货	6,201		717		
13		格林大华	5,702		395		
14		银河期货	5,655		77		
15		广发期货	5,024		660		
16		中辉期货	4,908		-15		
17		汇鑫期货	4,797		-46		
18		美尔雅期货	4,557		-1,237		
19		申银万国	4,457		482		
20		宝城期货	4,402		-217		
总计				142,593		845		



会员类别	总成交量	增减		
期货公司会员	861,401		283,512		

会员类别	总持买单量	增减		
期货公司会员	125,931		-1,645		

会员类别	总持卖单量	增减		
期货公司会员	142,593		845		

