								大连商品交易所 成交量_买持仓_卖持仓排名	

合约代码：i2101		Date：2020-02-19	

			期货公司会员	

名次		会员简称	成交量		增减		
1		东证期货	2,700		-238		
2		方正中期	1,048		855		
3		中财期货	529		-1,125		
4		光大期货	450		-464		
5		申银万国	405		-754		
6		东吴期货	376		-626		
7		国信期货	358		-107		
8		长江期货	306		-535		
9		广发期货	263		-63		
10		兴业期货	200		136		
11		海证期货	200		199		
12		安粮期货	184		5		
13		永安期货	179		-1,409		
14		海通期货	176		-85		
15		国泰君安	175		-117		
16		华泰期货	172		84		
17		徽商期货	152		-97		
18		华安期货	141		-34		
19		南华期货	141		-70		
20		五矿经易	135		-389		
总计				8,290		-4,834		

名次		会员简称	持买单量	增减		
1		中国国际	3,804		-12		
2		道通期货	2,001		0		
3		华泰期货	1,900		-93		
4		永安期货	1,794		-4		
5		上海中期	1,743		-23		
6		申银万国	1,484		-20		
7		五矿经易	1,263		19		
8		方正中期	875		544		
9		海证期货	547		0		
10		国信期货	540		10		
11		银河期货	518		-4		
12		中信期货	463		6		
13		华鑫期货	423		0		
14		徽商期货	395		-18		
15		平安期货	371		2		
16		招商期货	339		1		
17		大地期货	236		-1		
18		光大期货	210		-12		
19		广发期货	203		-101		
20		中粮期货	202		87		
总计				19,311		381		

名次		会员简称	持卖单量	增减		
1		银河期货	4,399		74		
2		方正中期	2,396		-440		
3		上海中期	1,812		1		
4		华泰期货	1,157		19		
5		永安期货	1,102		41		
6		中财期货	1,046		95		
7		东海期货	894		3		
8		国泰君安	706		19		
9		中信期货	611		14		
10		申银万国	580		3		
11		一德期货	519		-50		
12		海通期货	518		11		
13		东证期货	476		86		
14		国富期货	396		0		
15		兴业期货	380		180		
16		国投安信	379		0		
17		长城期货	375		0		
18		北京首创	352		0		
19		华金期货	274		0		
20		倍特期货	253		0		
总计				18,625		56		



会员类别	总成交量	增减		
期货公司会员	8,290		-4,834		

会员类别	总持买单量	增减		
期货公司会员	19,311		381		

会员类别	总持卖单量	增减		
期货公司会员	18,625		56		

