								大连商品交易所 成交量_买持仓_卖持仓排名	

合约代码：m2009		Date：2020-03-03	

			期货公司会员	

名次		会员简称	成交量		增减		
1		东证期货	194,828		-38,024		
2		海通期货	86,115		-3,668		
3		国泰君安	78,401		58,994		
4		中粮期货	51,833		443		
5		兴证期货	49,827		-16,232		
6		光大期货	42,291		-28,069		
7		华安期货	39,843		-5,339		
8		银河期货	39,304		13,465		
9		永安期货	35,905		-15,987		
10		中信期货	34,487		-14,604		
11		华泰期货	33,266		-3,801		
12		倍特期货	22,324		16,736		
13		申银万国	21,836		-19,621		
14		安粮期货	20,072		-1,316		
15		浙商期货	17,544		-13,335		
16		宏源期货	17,201		-11,325		
17		方正中期	16,744		-10,485		
18		国投安信	16,358		-26,426		
19		海证期货	16,291		-11,393		
20		国富期货	15,639		-1,318		
总计				850,109		-131,305	

名次		会员简称	持买单量	增减		
1		永安期货	58,747		4,187		
2		银河期货	52,836		7,751		
3		大越期货	49,373		928		
4		宏源期货	48,248		7,318		
5		华泰期货	45,637		4,690		
6		一德期货	44,888		1,707		
7		大地期货	42,394		250		
8		中信期货	40,963		-4,178		
9		浙商期货	39,239		-1,006		
10		广发期货	37,808		1,341		
11		国投安信	37,400		342		
12		天风期货	34,552		1,303		
13		国泰君安	34,249		5,810		
14		华安期货	28,387		3,083		
15		方正中期	25,139		414		
16		海通期货	24,461		163		
17		南华期货	24,199		3,756		
18		宝城期货	23,768		895		
19		格林大华	23,660		1,482		
20		五矿经易	23,288		-756		
总计				739,236		39,480		

名次		会员简称	持卖单量	增减		
1		中粮期货	375,332		42,507		
2		国投安信	235,039		4,944		
3		摩根大通	118,979		423		
4		银河期货	95,083		21,641		
5		中信期货	55,863		-1,451		
6		永安期货	44,778		-2,574		
7		广发期货	42,268		4,110		
8		国泰君安	39,807		-3		
9		一德期货	38,934		833		
10		新湖期货	37,921		59		
11		平安期货	34,587		3,443		
12		华泰期货	25,472		-1,558		
13		信达期货	19,967		3,089		
14		倍特期货	19,843		19,555		
15		英大期货	19,821		-36		
16		五矿经易	16,480		404		
17		北京首创	14,657		104		
18		格林大华	14,445		-48		
19		中国国际	13,025		6,846		
20		国富期货	12,313		547		
总计				1,274,614	102,835		



会员类别	总成交量	增减		
期货公司会员	850,109		-131,305	

会员类别	总持买单量	增减		
期货公司会员	739,236		39,480		

会员类别	总持卖单量	增减		
期货公司会员	1,274,614	102,835		

