								大连商品交易所 成交量_买持仓_卖持仓排名	

合约代码：m2007		Date：2020-03-03	

			期货公司会员	

名次		会员简称	成交量		增减		
1		方正中期	40,738		895		
2		东证期货	17,875		221		
3		海通期货	12,787		-10,005		
4		天风期货	9,002		9,000		
5		迈科期货	8,488		5,162		
6		光大期货	6,579		-1,066		
7		新湖期货	6,213		2,574		
8		锦泰期货	5,983		108		
9		申银万国	5,799		-1,581		
10		浙商期货	5,172		1,929		
11		西部期货	4,278		462		
12		弘业期货	4,120		288		
13		国投安信	3,141		-244		
14		上海中期	2,834		1,483		
15		银河期货	2,542		-105		
16		中粮期货	2,366		900		
17		格林大华	1,952		710		
18		国海良时	1,384		-1,538		
19		金瑞期货	1,380		507		
20		国信期货	1,301		-605		
总计				143,934		9,095		

名次		会员简称	持买单量	增减		
1		上海中期	13,847		1,405		
2		中粮期货	8,533		1,157		
3		申银万国	7,607		45		
4		格林大华	7,256		734		
5		弘业期货	7,186		13		
6		海通期货	7,102		-24		
7		新湖期货	7,055		-27		
8		鲁证期货	6,252		2		
9		南华期货	5,648		-207		
10		国投安信	5,434		-75		
11		方正中期	4,123		39		
12		招商期货	3,121		5		
13		国海良时	2,305		18		
14		浙商期货	2,074		1,510		
15		迈科期货	726		-32		
16		国富期货	606		184		
17		东证期货	533		43		
18		广发期货	285		2		
19		北京首创	277		-45		
20		国泰君安	259		3		
总计				90,229		4,750		

名次		会员简称	持卖单量	增减		
1		上海中期	13,812		1,405		
2		中粮期货	8,604		1,169		
3		申银万国	7,520		-14		
4		格林大华	7,254		734		
5		海通期货	7,147		-9		
6		弘业期货	7,065		13		
7		新湖期货	7,042		-16		
8		鲁证期货	6,178		0		
9		南华期货	5,600		-186		
10		国投安信	5,352		4		
11		方正中期	4,090		35		
12		国海良时	2,273		18		
13		国泰君安	2,225		198		
14		浙商期货	2,030		1,510		
15		兴证期货	1,104		0		
16		中州期货	950		-2		
17		中信期货	804		45		
18		中大期货	801		-6		
19		迈科期货	753		188		
20		一德期货	516		92		
总计				91,120		5,178		



会员类别	总成交量	增减		
期货公司会员	143,934		9,095		

会员类别	总持买单量	增减		
期货公司会员	90,229		4,750		

会员类别	总持卖单量	增减		
期货公司会员	91,120		5,178		

