								大连商品交易所 成交量_买持仓_卖持仓排名	

合约代码：a2005		Date：20200310	

			期货公司会员	

名次		会员简称	成交量		增减		
1		东证期货	23,154		-8,707		
2		华泰期货	16,632		-14,828		
3		中信期货	16,239		-12,412		
4		国富期货	15,788		-18,797		
5		徽商期货	11,458		-16,160		
6		华安期货	10,174		-7,152		
7		海通期货	9,000		-8,765		
8		国泰君安	8,938		-6,479		
9		方正中期	8,796		-7,899		
10		东方财富	7,783		-6,460		
11		一德期货	5,078		-1,439		
12		宏源期货	5,070		-4,244		
13		永安期货	4,855		-2,774		
14		国投安信	4,756		-626		
15		申银万国	4,697		-6,265		
16		兴证期货	4,568		-1,357		
17		南华期货	4,519		-2,548		
18		广州期货	4,209		278		
19		金瑞期货	3,828		-2,196		
20		五矿经易	3,664		-4,758		
总计				173,206		-133,588	

名次		会员简称	持买单量	增减		
1		浙商期货	11,537		-150		
2		国投安信	8,329		1,757		
3		鲁证期货	7,698		307		
4		永安期货	7,366		32		
5		中信期货	6,584		-531		
6		海通期货	4,685		297		
7		一德期货	4,003		767		
8		北京首创	3,505		-163		
9		东证期货	3,059		-1,441		
10		方正中期	2,605		244		
11		兴证期货	2,604		-167		
12		广发期货	2,523		45		
13		华泰期货	2,515		417		
14		南华期货	2,388		62		
15		国联期货	2,088		-34		
16		国泰君安	2,057		118		
17		中财期货	1,896		-731		
18		银河期货	1,862		-231		
19		中信建投	1,757		226		
20		徽商期货	1,534		480		
总计				80,595		1,304		

名次		会员简称	持卖单量	增减		
1		东证期货	6,718		1,575		
2		光大期货	5,494		-192		
3		中信期货	4,992		-278		
4		国投安信	4,968		173		
5		中国国际	4,809		36		
6		广州金控	3,592		-133		
7		鲁证期货	3,314		71		
8		渤海期货	3,304		159		
9		华安期货	3,234		-354		
10		南华期货	3,067		163		
11		五矿经易	3,045		1,462		
12		东方财富	2,608		-16		
13		招商期货	2,256		156		
14		永安期货	2,209		-215		
15		申银万国	2,072		-158		
16		浙商期货	2,044		50		
17		徽商期货	2,006		-410		
18		中信建投	1,957		-101		
19		一德期货	1,855		495		
20		福能期货	1,688		175		
总计				65,232		2,658		



会员类别	总成交量	增减		
期货公司会员	173,206		-133,588	

会员类别	总持买单量	增减		
期货公司会员	80,595		1,304		

会员类别	总持卖单量	增减		
期货公司会员	65,232		2,658		

