								大连商品交易所 成交量_买持仓_卖持仓排名	

合约代码：c2007		Date：2020-03-02	

			期货公司会员	

名次		会员简称	成交量		增减		
1		方正中期	7,589		1,965		
2		东证期货	5,762		106		
3		西部期货	3,684		-514		
4		天风期货	3,094		-539		
5		浙商期货	1,951		59		
6		国海良时	1,890		564		
7		弘业期货	1,857		242		
8		中信期货	1,855		-275		
9		鲁证期货	1,832		84		
10		海通期货	1,829		152		
11		格林大华	1,716		-766		
12		新湖期货	1,252		-108		
13		瑞达期货	1,132		-833		
14		申银万国	1,057		55		
15		永安期货	1,007		183		
16		锦泰期货	970		207		
17		国投安信	943		-192		
18		华泰期货	922		524		
19		中大期货	886		-253		
20		冠通期货	720		270		
总计				41,948		931		

名次		会员简称	持买单量	增减		
1		东证期货	9,041		906		
2		格林大华	6,013		-5		
3		申银万国	5,769		519		
4		方正中期	5,181		-73		
5		鲁证期货	5,128		-808		
6		新湖期货	5,042		-38		
7		瑞达期货	3,932		148		
8		中信期货	3,696		-12		
9		中大期货	3,631		442		
10		海通期货	3,546		-608		
11		弘业期货	3,091		-15		
12		国投安信	2,631		31		
13		国海良时	1,523		919		
14		华泰期货	528		73		
15		浙商期货	525		392		
16		东吴期货	489		0		
17		永安期货	388		4		
18		中信建投	314		90		
19		华金期货	276		0		
20		北京首创	260		226		
总计				61,004		2,191		

名次		会员简称	持卖单量	增减		
1		东证期货	8,984		906		
2		格林大华	6,010		-5		
3		申银万国	5,752		516		
4		鲁证期货	5,094		-810		
5		方正中期	5,064		-44		
6		新湖期货	5,039		2		
7		海通期货	4,319		5		
8		瑞达期货	3,914		138		
9		中大期货	3,631		442		
10		弘业期货	3,086		-20		
11		中信期货	3,013		-15		
12		浙商期货	2,627		393		
13		国投安信	2,623		24		
14		国海良时	1,488		891		
15		华信期货	1,000		0		
16		东吴期货	480		0		
17		永安期货	326		5		
18		东海期货	150		0		
19		西部期货	130		20		
20		大地期货	97		0		
总计				62,827		2,448		



会员类别	总成交量	增减		
期货公司会员	41,948		931		

会员类别	总持买单量	增减		
期货公司会员	61,004		2,191		

会员类别	总持卖单量	增减		
期货公司会员	62,827		2,448		

