								大连商品交易所 成交量_买持仓_卖持仓排名	

合约代码：b2004		Date：2020-02-19	

			期货公司会员	

名次		会员简称	成交量		增减		
1		方正中期	7,266		4,484		
2		南华期货	2,264		436		
3		上海中期	2,196		1,254		
4		永安期货	2,094		545		
5		渤海期货	2,076		984		
6		五矿经易	1,980		1,316		
7		国海良时	1,721		656		
8		光大期货	1,480		511		
9		东证期货	1,400		174		
10		弘业期货	1,288		889		
11		海通期货	952		722		
12		申银万国	923		776		
13		迈科期货	852		441		
14		国投安信	847		79		
15		华闻期货	603		179		
16		国富期货	564		0		
17		中原期货	562		494		
18		广发期货	485		325		
19		中信期货	356		18		
20		金瑞期货	346		111		
总计				30,255		14,394		

名次		会员简称	持买单量	增减		
1		金瑞期货	2,562		89		
2		弘业期货	2,054		631		
3		永安期货	2,010		7		
4		五矿经易	1,852		99		
5		海通期货	1,465		259		
6		国投安信	1,415		7		
7		渤海期货	1,395		-209		
8		国海良时	1,260		-1		
9		迈科期货	755		28		
10		光大期货	635		111		
11		申银万国	522		4		
12		方正中期	224		37		
13		中州期货	101		0		
14		东证期货	99		8		
15		中原期货	60		10		
16		广发期货	49		47		
17		上海中期	47		45		
18		南华期货	24		24		
19		国富期货	19		0		
20		华泰期货	13		6		
总计				16,561		1,202		

名次		会员简称	持卖单量	增减		
1		金瑞期货	2,562		87		
2		弘业期货	2,054		635		
3		永安期货	2,033		7		
4		五矿经易	1,822		99		
5		海通期货	1,465		259		
6		国投安信	1,415		-108		
7		渤海期货	1,405		-199		
8		国海良时	1,260		0		
9		光大期货	630		117		
10		摩根大通	600		0		
11		申银万国	542		15		
12		方正中期	204		37		
13		国元期货	127		8		
14		中信建投	100		0		
15		中原期货	98		48		
16		华闻期货	80		64		
17		东证期货	58		6		
18		上海中期	25		25		
19		徽商期货	25		0		
20		中粮期货	19		0		
总计				16,524		1,100		



会员类别	总成交量	增减		
期货公司会员	30,255		14,394		

会员类别	总持买单量	增减		
期货公司会员	16,561		1,202		

会员类别	总持卖单量	增减		
期货公司会员	16,524		1,100		

