								大连商品交易所 成交量_买持仓_卖持仓排名	

合约代码：i2101		Date：2020-03-03	

			期货公司会员	

名次		会员简称	成交量		增减		
1		永安期货	6,976		1,568		
2		东证期货	5,058		-5,353		
3		光大期货	3,929		2,485		
4		中信期货	3,902		3,017		
5		申银万国	2,391		441		
6		中财期货	1,649		-267		
7		东吴期货	1,305		-263		
8		招商期货	1,296		750		
9		银河期货	1,266		850		
10		五矿经易	1,243		-330		
11		中国国际	1,167		1,089		
12		长江期货	1,116		-86		
13		方正中期	1,106		-4		
14		海通期货	1,023		-208		
15		中原期货	605		598		
16		国信期货	578		-86		
17		道通期货	500		499		
18		徽商期货	398		-57		
19		海证期货	391		-232		
20		华安期货	377		-61		
总计				36,276		4,350		

名次		会员简称	持买单量	增减		
1		五矿经易	6,190		1,148		
2		中国国际	5,240		1,007		
3		申银万国	2,720		573		
4		永安期货	2,660		-4,286		
5		方正中期	2,493		2		
6		道通期货	2,000		-500		
7		华泰期货	1,863		25		
8		上海中期	1,708		-1		
9		招商期货	1,021		555		
10		乾坤期货	1,000		0		
11		银河期货	752		184		
12		海证期货	563		14		
13		徽商期货	555		17		
14		光大期货	541		100		
15		中信期货	477		-25		
16		国信期货	376		-21		
17		英大期货	353		111		
18		天风期货	346		0		
19		中原期货	314		298		
20		新纪元期货	259		51		
总计				31,431		-748		

名次		会员简称	持卖单量	增减		
1		银河期货	6,348		-1,020		
2		中信期货	5,561		2,891		
3		上海中期	2,451		-7		
4		永安期货	2,327		-620		
5		华泰期货	2,223		-211		
6		海证期货	1,862		-355		
7		方正中期	1,594		-132		
8		一德期货	1,564		-9		
9		申银万国	979		184		
10		前海期货	766		-40		
11		招商期货	757		581		
12		东海期货	703		-210		
13		国富期货	642		-103		
14		国海良时	607		-67		
15		北京首创	594		0		
16		中财期货	438		-86		
17		长城期货	376		1		
18		海通期货	370		-249		
19		国联期货	347		1		
20		国投安信	314		-4		
总计				30,823		545		



会员类别	总成交量	增减		
期货公司会员	36,276		4,350		

会员类别	总持买单量	增减		
期货公司会员	31,431		-748		

会员类别	总持卖单量	增减		
期货公司会员	30,823		545		

