								大连商品交易所 成交量_买持仓_卖持仓排名	

合约代码：y2009		Date：2020-03-02	

			期货公司会员	

名次		会员简称	成交量		增减		
1		东证期货	45,784		-29,015		
2		光大期货	19,297		-10,961		
3		兴证期货	10,231		-7,728		
4		中信期货	9,392		-1,359		
5		海通期货	8,281		-805		
6		国元期货	7,624		-3,369		
7		国富期货	7,555		-4,241		
8		国投安信	4,673		-171		
9		华安期货	4,603		-6,720		
10		申银万国	4,347		-2,114		
11		上海中期	3,341		1,928		
12		金瑞期货	3,180		-4,289		
13		五矿经易	3,001		673		
14		永安期货	2,969		-4,725		
15		平安期货	2,568		1,450		
16		中粮期货	2,505		-5,078		
17		一德期货	2,307		-578		
18		银河期货	2,166		-1,648		
19		华闻期货	2,069		-1,676		
20		国泰君安	1,966		-1,993		
总计				147,859		-82,419		

名次		会员简称	持买单量	增减		
1		永安期货	12,867		826		
2		中信期货	12,457		1,038		
3		中财期货	11,533		179		
4		中粮期货	10,391		-675		
5		申银万国	9,488		1,025		
6		一德期货	8,862		486		
7		东证期货	8,601		280		
8		德盛期货	7,412		36		
9		五矿经易	6,062		494		
10		光大期货	5,449		1,946		
11		华泰期货	5,130		427		
12		信达期货	4,595		-105		
13		银河期货	4,459		868		
14		广州金控	4,276		-66		
15		建信期货	3,685		195		
16		安粮期货	3,582		220		
17		上海中期	3,323		246		
18		鲁证期货	3,305		-46		
19		国投安信	3,232		-251		
20		创元期货	3,136		-307		
总计				131,845		6,816		

名次		会员简称	持卖单量	增减		
1		中粮期货	34,653		1,258		
2		摩根大通	23,566		569		
3		国投安信	16,596		2,526		
4		中信期货	10,209		732		
5		广发期货	9,339		85		
6		国泰君安	8,852		13		
7		永安期货	8,828		549		
8		一德期货	7,996		29		
9		平安期货	7,915		1,239		
10		银河期货	7,551		-180		
11		新湖期货	6,230		52		
12		申银万国	5,638		-4		
13		英大期货	4,860		0		
14		五矿经易	4,250		-51		
15		北京首创	4,206		-1,223		
16		国富期货	3,210		-124		
17		金瑞期货	2,479		-88		
18		华泰期货	2,143		323		
19		东证期货	2,081		62		
20		海通期货	2,055		-359		
总计				172,657		5,408		



会员类别	总成交量	增减		
期货公司会员	147,859		-82,419		

会员类别	总持买单量	增减		
期货公司会员	131,845		6,816		

会员类别	总持卖单量	增减		
期货公司会员	172,657		5,408		

