								大连商品交易所 成交量_买持仓_卖持仓排名	

合约代码：b2003		Date：2020-02-14	

			期货公司会员	

名次		会员简称	成交量		增减		
1		金瑞期货	2,108		-42		
2		国投安信	1,820		-2,646		
3		永安期货	1,812		1,574		
4		方正中期	1,755		-284		
5		渤海期货	845		-612		
6		国富期货	727		-440		
7		国海良时	725		-52		
8		中信期货	718		-533		
9		华西期货	520		-289		
10		华泰期货	508		-492		
11		摩根大通	400		400		
12		徽商期货	288		-688		
13		国泰君安	261		-185		
14		上海大陆	255		219		
15		国贸期货	251		133		
16		迈科期货	249		-505		
17		华安期货	214		-241		
18		东方财富	200		-180		
19		国信期货	185		-275		
20		兴证期货	170		63		
总计				14,011		-5,075		

名次		会员简称	持买单量	增减		
1		五矿经易	3,212		-1		
2		永安期货	2,732		-839		
3		渤海期货	1,327		-424		
4		金瑞期货	1,193		-892		
5		国投安信	821		-478		
6		国海良时	537		-354		
7		迈科期货	242		181		
8		鲁证期货	229		94		
9		徽商期货	174		30		
10		中州期货	171		50		
11		银河期货	129		-35		
12		混沌天成	112		-42		
13		华泰期货	101		-14		
14		新湖期货	83		16		
15		东证期货	69		-8		
16		中信期货	65		-103		
17		西南期货	63		1		
18		中大期货	55		0		
19		中银国际	53		25		
20		德盛期货	53		0		
总计				11,421		-2,793		

名次		会员简称	持卖单量	增减		
1		五矿经易	3,200		-61		
2		永安期货	2,641		-871		
3		摩根大通	2,300		400		
4		渤海期货	1,409		-421		
5		金瑞期货	1,107		-904		
6		国海良时	518		-343		
7		国元期货	229		1		
8		宏源期货	163		4		
9		中信建投	121		-121		
10		新湖期货	96		1		
11		中粮期货	34		26		
12		华闻期货	30		0		
13		国富期货	30		-12		
14		中国国际	26		-4		
15		中辉期货	26		4		
16		德盛期货	25		0		
17		中信期货	24		-51		
18		上海中期	23		0		
19		华联期货	21		2		
20		方正中期	20		-673		
总计				12,043		-3,023		



会员类别	总成交量	增减		
期货公司会员	14,011		-5,075		

会员类别	总持买单量	增减		
期货公司会员	11,421		-2,793		

会员类别	总持卖单量	增减		
期货公司会员	12,043		-3,023		

