								大连商品交易所 成交量_买持仓_卖持仓排名	

合约代码：a2005		Date：2020-02-14	

			期货公司会员	

名次		会员简称	成交量		增减		
1		东证期货	18,084		-17,305		
2		中信期货	11,378		-15,354		
3		国泰君安	6,981		-15,574		
4		徽商期货	6,929		-18,459		
5		方正中期	6,127		-15,143		
6		华安期货	5,704		-11,029		
7		东方财富	5,290		-8,872		
8		国富期货	5,004		-9,061		
9		海通期货	4,498		-6,657		
10		华泰期货	3,644		-9,711		
11		申银万国	3,524		-8,406		
12		宏源期货	3,470		-4,324		
13		华信期货	3,365		-6,066		
14		光大期货	2,898		-5,323		
15		渤海期货	2,791		-3,268		
16		广发期货	2,504		-2,741		
17		国元期货	2,491		26		
18		永安期货	2,262		-1,830		
19		鲁证期货	2,250		-5,006		
20		兴证期货	2,223		-3,726		
总计				101,417		-167,829	

名次		会员简称	持买单量	增减		
1		浙商期货	10,749		-72		
2		永安期货	9,021		-2		
3		中信期货	8,975		-16		
4		国投安信	6,265		128		
5		鲁证期货	4,937		-37		
6		海通期货	4,243		-162		
7		东证期货	3,442		146		
8		兴证期货	2,878		477		
9		一德期货	2,660		126		
10		广发期货	2,335		-432		
11		宏源期货	2,241		4		
12		中信建投	2,206		-23		
13		华泰期货	2,044		-72		
14		广州金控	1,983		-71		
15		中财期货	1,982		-100		
16		银河期货	1,882		46		
17		方正中期	1,847		-180		
18		国联期货	1,617		-34		
19		国泰君安	1,605		82		
20		渤海期货	1,596		530		
总计				74,508		338		

名次		会员简称	持卖单量	增减		
1		中信期货	6,847		-158		
2		国投安信	5,635		-90		
3		中国国际	4,769		-9		
4		东证期货	4,761		-10		
5		永安期货	4,681		-192		
6		五矿经易	4,423		41		
7		光大期货	3,423		-183		
8		广州金控	3,313		30		
9		渤海期货	3,131		33		
10		银河期货	2,954		-35		
11		鲁证期货	2,915		99		
12		华安期货	2,764		-165		
13		南华期货	2,508		3		
14		宏源期货	2,395		254		
15		国泰君安	2,279		-179		
16		徽商期货	2,211		113		
17		东方财富	2,198		17		
18		浙商期货	1,954		-16		
19		海通期货	1,942		156		
20		中信建投	1,740		57		
总计				66,843		-234		



会员类别	总成交量	增减		
期货公司会员	101,417		-167,829	

会员类别	总持买单量	增减		
期货公司会员	74,508		338		

会员类别	总持卖单量	增减		
期货公司会员	66,843		-234		

