								大连商品交易所 成交量_买持仓_卖持仓排名	

合约代码：eg2005		Date：2020-03-02	

			期货公司会员	

名次		会员简称	成交量		增减		
1		东证期货	73,293		-9,111		
2		国富期货	21,777		3,054		
3		中信期货	19,605		-2,472		
4		海通期货	16,768		-9,899		
5		国泰君安	14,183		-2,177		
6		徽商期货	11,158		-592		
7		华泰期货	8,041		-4,253		
8		兴证期货	7,638		-4,169		
9		永安期货	6,197		-2,150		
10		华安期货	5,952		-1,713		
11		南华期货	5,867		913		
12		银河期货	5,497		-2,054		
13		东吴期货	5,408		-2,360		
14		光大期货	5,217		298		
15		华西期货	5,156		-3,591		
16		申银万国	5,073		-4,638		
17		天风期货	4,869		93		
18		方正中期	4,518		-1,372		
19		平安期货	4,203		1,662		
20		东方财富	4,120		-666		
总计				234,540		-45,197		

名次		会员简称	持买单量	增减		
1		通惠期货	11,917		-65		
2		中信期货	8,191		324		
3		东证期货	7,266		249		
4		建信期货	7,022		309		
5		新湖期货	6,945		-18		
6		华泰期货	5,618		-984		
7		南华期货	5,343		1,227		
8		银河期货	4,493		-3		
9		鲁证期货	4,073		79		
10		国泰君安	4,006		-122		
11		永安期货	3,955		-956		
12		英大期货	3,327		-40		
13		宏源期货	2,929		195		
14		国贸期货	2,812		-199		
15		徽商期货	2,731		-28		
16		浙商期货	2,538		295		
17		广发期货	2,535		-54		
18		招商期货	2,323		-907		
19		中信建投	2,303		-122		
20		宝城期货	2,272		57		
总计				92,599		-763		

名次		会员简称	持卖单量	增减		
1		永安期货	17,365		-1,353		
2		中信期货	9,447		-3		
3		东海期货	6,705		605		
4		国泰君安	5,430		-153		
5		天风期货	5,120		1,258		
6		中粮期货	5,020		73		
7		东证期货	4,430		142		
8		银河期货	4,343		214		
9		华泰期货	4,223		-419		
10		五矿经易	3,384		1,498		
11		国投安信	3,324		446		
12		鲁证期货	3,208		521		
13		浙商期货	3,155		75		
14		东吴期货	2,976		-29		
15		南华期货	2,738		0		
16		瑞达期货	2,737		-139		
17		方正中期	2,385		-50		
18		申银万国	2,211		-76		
19		一德期货	2,139		530		
20		大地期货	2,113		263		
总计				92,453		3,403		



会员类别	总成交量	增减		
期货公司会员	234,540		-45,197		

会员类别	总持买单量	增减		
期货公司会员	92,599		-763		

会员类别	总持卖单量	增减		
期货公司会员	92,453		3,403		

