								大连商品交易所 成交量_买持仓_卖持仓排名	

合约代码：b2006		Date：2020-03-13	

			期货公司会员	

名次		会员简称	成交量		增减		
1		方正中期	17,190		5,600		
2		华泰期货	11,001		5,553		
3		光大期货	10,033		1,656		
4		南华期货	6,294		4,402		
5		海通期货	6,271		4,707		
6		上海中期	6,195		3,975		
7		永安期货	5,513		2,164		
8		金瑞期货	3,630		2,472		
9		国海良时	3,371		1,604		
10		弘业期货	2,564		-629		
11		申银万国	1,725		-379		
12		渤海期货	1,688		-67		
13		五矿经易	1,498		298		
14		国投安信	1,281		-813		
15		华闻期货	1,099		411		
16		中原期货	786		-750		
17		广发期货	223		-520		
18		先锋期货	107		107		
19		徽商期货	91		16		
20		新湖期货	82		82		
总计				80,642		29,889		

名次		会员简称	持买单量	增减		
1		上海中期	5,020		1,475		
2		南华期货	4,509		2		
3		金瑞期货	4,003		787		
4		海通期货	3,013		961		
5		五矿经易	1,429		18		
6		申银万国	1,311		-140		
7		永安期货	1,003		2		
8		光大期货	744		-5		
9		国投安信	600		34		
10		中原期货	536		100		
11		渤海期货	481		-30		
12		中大期货	198		76		
13		广发期货	172		-5		
14		华安期货	155		-4		
15		徽商期货	137		44		
16		方正中期	118		-130		
17		华闻期货	109		109		
18		北京首创	105		-4		
19		海证期货	70		8		
20		先锋期货	60		-20		
总计				23,773		3,278		

名次		会员简称	持卖单量	增减		
1		上海中期	5,022		1,476		
2		南华期货	4,509		2		
3		金瑞期货	4,018		769		
4		海通期货	3,040		954		
5		国投安信	1,405		37		
6		五矿经易	1,343		22		
7		申银万国	1,030		-129		
8		永安期货	1,012		-9		
9		光大期货	782		18		
10		中原期货	536		100		
11		渤海期货	489		-14		
12		方正中期	265		-98		
13		先锋期货	200		67		
14		国泰君安	58		-22		
15		华泰期货	53		-9		
16		徽商期货	50		25		
17		国海良时	37		-37		
18		宏源期货	30		19		
19		中财期货	28		28		
20		中粮期货	25		-21		
总计				23,932		3,178		



会员类别	总成交量	增减		
期货公司会员	80,642		29,889		

会员类别	总持买单量	增减		
期货公司会员	23,773		3,278		

会员类别	总持卖单量	增减		
期货公司会员	23,932		3,178		

