								大连商品交易所 成交量_买持仓_卖持仓排名	

合约代码：m2101		Date：2020-03-02	

			期货公司会员	

名次		会员简称	成交量		增减		
1		方正中期	5,246		3,079		
2		中粮期货	3,935		3,379		
3		国元期货	3,311		1,439		
4		上海中期	2,000		1,935		
5		安粮期货	1,881		1,078		
6		光大期货	1,515		-571		
7		海通期货	1,332		669		
8		宏源期货	1,240		694		
9		中信期货	1,239		567		
10		徽商期货	1,194		242		
11		迈科期货	1,139		432		
12		弘业期货	1,062		-154		
13		华泰期货	947		691		
14		北京首创	910		-5		
15		美尔雅期货	875		-1		
16		华安期货	850		104		
17		格林大华	849		541		
18		华信期货	835		273		
19		长江期货	789		306		
20		中投期货	776		723		
总计				31,925		15,421		

名次		会员简称	持买单量	增减		
1		广发期货	4,366		-116		
2		格林大华	3,869		397		
3		华鑫期货	2,090		-44		
4		金元期货	1,802		1		
5		长江期货	1,781		454		
6		徽商期货	1,504		-277		
7		永安期货	1,439		92		
8		国贸期货	1,221		-2		
9		中信期货	1,173		-264		
10		金石期货	1,019		1		
11		上海中期	929		-1,762		
12		申银万国	840		-25		
13		国投安信	750		54		
14		华安期货	649		-124		
15		中国国际	629		-21		
16		银河期货	504		-57		
17		光大期货	467		101		
18		中信建投	449		36		
19		先锋期货	418		-94		
20		浙商期货	403		262		
总计				26,302		-1,388		

名次		会员简称	持卖单量	增减		
1		中信期货	5,761		1		
2		中粮期货	4,162		2,433		
3		弘业期货	2,466		-874		
4		安粮期货	1,968		-620		
5		南华期货	1,610		-35		
6		鲁证期货	1,299		296		
7		广发期货	1,122		-92		
8		国投安信	1,035		282		
9		长江期货	967		-105		
10		方正中期	937		382		
11		平安期货	848		44		
12		银河期货	845		-8		
13		美尔雅期货	843		-219		
14		华泰期货	830		-143		
15		东证期货	829		46		
16		国泰君安	816		7		
17		一德期货	808		140		
18		瑞达期货	656		-30		
19		福能期货	637		-219		
20		国富期货	630		-241		
总计				29,069		1,045		



会员类别	总成交量	增减		
期货公司会员	31,925		15,421		

会员类别	总持买单量	增减		
期货公司会员	26,302		-1,388		

会员类别	总持卖单量	增减		
期货公司会员	29,069		1,045		

