								大连商品交易所 成交量_买持仓_卖持仓排名	

合约代码：b2005		Date：2020-02-14	

			期货公司会员	

名次		会员简称	成交量		增减		
1		东证期货	14,153		-3,097		
2		渤海期货	4,294		-892		
3		中信期货	3,845		-2,796		
4		国富期货	2,759		-2,244		
5		国投安信	2,668		-1,520		
6		永安期货	2,615		-904		
7		中原期货	2,456		-1,057		
8		方正中期	2,322		-1,489		
9		光大期货	1,636		-1,291		
10		南华期货	1,395		-1,329		
11		金瑞期货	1,308		-522		
12		华安期货	1,278		26		
13		国泰君安	1,259		-1,179		
14		华泰期货	1,203		-925		
15		申银万国	997		-959		
16		五矿经易	965		-1,387		
17		徽商期货	930		-796		
18		国海良时	774		-310		
19		上海中期	772		-1,329		
20		广发期货	705		-684		
总计				48,334		-24,684		

名次		会员简称	持买单量	增减		
1		五矿经易	4,817		9		
2		金瑞期货	4,203		593		
3		渤海期货	3,376		-11		
4		申银万国	3,330		69		
5		国海良时	1,331		153		
6		东证期货	1,285		-152		
7		海通期货	1,148		6		
8		光大期货	986		3		
9		信达期货	834		4		
10		国投安信	691		113		
11		徽商期货	671		55		
12		银河期货	636		9		
13		方正中期	569		-18		
14		大地期货	561		-5		
15		东海期货	560		4		
16		福能期货	541		8		
17		新晟期货	524		0		
18		迈科期货	513		-32		
19		华泰期货	477		-66		
20		华安期货	458		30		
总计				27,511		772		

名次		会员简称	持卖单量	增减		
1		五矿经易	5,091		-2		
2		国投安信	4,817		-93		
3		金瑞期货	4,171		533		
4		渤海期货	3,034		-53		
5		申银万国	1,873		154		
6		摩根大通	1,631		0		
7		中信期货	1,251		59		
8		华安期货	1,177		-382		
9		中天期货	1,140		0		
10		光大期货	1,139		23		
11		宏源期货	1,081		60		
12		海通期货	1,053		17		
13		银河期货	898		17		
14		北京首创	771		1		
15		南华期货	652		-59		
16		中信建投	490		73		
17		广发期货	409		-69		
18		倍特期货	409		27		
19		东吴期货	315		-6		
20		安粮期货	312		28		
总计				31,714		328		



会员类别	总成交量	增减		
期货公司会员	48,334		-24,684		

会员类别	总持买单量	增减		
期货公司会员	27,511		772		

会员类别	总持卖单量	增减		
期货公司会员	31,714		328		

