								大连商品交易所 成交量_买持仓_卖持仓排名	

合约代码：b2004		Date：2020-03-03	

			期货公司会员	

名次		会员简称	成交量		增减		
1		金瑞期货	1,800		1,800		
2		摩根大通	1,000		1,000		
3		迈科期货	575		465		
4		国投安信	400		399		
5		广发期货	262		4		
6		方正中期	260		-302		
7		华泰期货	253		-1,612		
8		弘业期货	166		-3,834		
9		中原期货	105		105		
10		国元期货	102		65		
11		宏源期货	61		-48		
12		徽商期货	53		34		
13		国泰君安	39		-30		
14		海通期货	37		-7		
15		天风期货	33		33		
16		国贸期货	30		-7		
17		新湖期货	27		0		
18		光大期货	26		-1,445		
19		东证期货	26		-97		
20		永安期货	18		-91		
总计				5,273		-3,568		

名次		会员简称	持买单量	增减		
1		五矿经易	3,322		0		
2		金瑞期货	3,062		-900		
3		永安期货	2,052		-18		
4		国投安信	1,968		400		
5		迈科期货	1,064		407		
6		方正中期	305		128		
7		中州期货	150		0		
8		渤海期货	107		0		
9		国海良时	63		0		
10		华泰期货	60		19		
11		国富期货	46		0		
12		南华期货	31		0		
13		中粮期货	30		0		
14		天风期货	27		27		
15		上海中期	22		0		
16		国泰君安	20		-6		
17		申银万国	19		0		
18		海通期货	13		3		
19		中信期货	12		-4		
20		东证期货	7		-25		
总计				12,380		31		

名次		会员简称	持卖单量	增减		
1		五矿经易	3,263		0		
2		金瑞期货	3,094		-900		
3		永安期货	2,000		0		
4		摩根大通	1,600		1,000		
5		国投安信	1,568		0		
6		方正中期	201		48		
7		国贸期货	130		30		
8		渤海期货	107		0		
9		中信建投	100		0		
10		国元期货	97		-102		
11		华泰期货	75		12		
12		国海良时	63		0		
13		国富期货	46		0		
14		南华期货	31		-5		
15		上海中期	21		0		
16		申银万国	19		0		
17		东证期货	8		-1		
18		国泰君安	4		-3		
19		鑫鼎盛期货	4		-2		
20		长江期货	3		-2		
总计				12,434		75		



会员类别	总成交量	增减		
期货公司会员	5,273		-3,568		

会员类别	总持买单量	增减		
期货公司会员	12,380		31		

会员类别	总持卖单量	增减		
期货公司会员	12,434		75		

