								大连商品交易所 成交量_买持仓_卖持仓排名	

合约代码：cs2005		Date：2020-02-14	

			期货公司会员	

名次		会员简称	成交量		增减		
1		东证期货	27,885		11,572		
2		中信期货	6,357		4,230		
3		国富期货	5,961		2,528		
4		天风期货	5,809		4,610		
5		兴证期货	4,835		1,985		
6		广发期货	4,544		3,391		
7		徽商期货	4,493		3,191		
8		国泰君安	4,386		2,394		
9		海通期货	4,366		2,214		
10		浙商期货	3,627		2,498		
11		方正中期	3,547		1,339		
12		永安期货	3,017		651		
13		申银万国	2,751		1,548		
14		华泰期货	2,375		526		
15		银河期货	2,059		1,127		
16		长安期货	1,957		966		
17		宏源期货	1,816		1,378		
18		中辉期货	1,719		1,436		
19		国信期货	1,660		917		
20		华安期货	1,545		320		
总计				94,709		48,821		

名次		会员简称	持买单量	增减		
1		瑞达期货	7,122		12		
2		东证期货	5,396		802		
3		广发期货	4,983		1,836		
4		华安期货	3,942		119		
5		永安期货	3,561		690		
6		光大期货	2,921		5		
7		浙商期货	2,790		1,196		
8		中信期货	2,762		57		
9		中信建投	2,593		82		
10		上海大陆	2,128		418		
11		徽商期货	1,923		168		
12		国贸期货	1,679		4		
13		国投安信	1,566		794		
14		南华期货	1,276		-17		
15		国联期货	1,142		301		
16		中国国际	1,033		17		
17		国泰君安	902		-185		
18		华泰期货	839		-665		
19		国富期货	826		-176		
20		中粮期货	825		-114		
总计				50,209		5,344		

名次		会员简称	持卖单量	增减		
1		中信期货	10,366		500		
2		永安期货	5,232		-1,663		
3		华泰期货	4,642		802		
4		摩根大通	4,112		343		
5		兴证期货	3,988		564		
6		国泰君安	3,948		-191		
7		宏源期货	2,488		376		
8		中信建投	2,138		170		
9		国富期货	2,020		-1,819		
10		东证期货	1,879		115		
11		银河期货	1,846		767		
12		中金期货	1,818		-16		
13		申银万国	1,470		229		
14		国信期货	1,470		120		
15		海通期货	1,441		593		
16		南华期货	1,351		68		
17		方正中期	1,209		82		
18		国投安信	1,025		-16		
19		五矿经易	979		1		
20		中辉期货	896		339		
总计				54,318		1,364		



会员类别	总成交量	增减		
期货公司会员	94,709		48,821		

会员类别	总持买单量	增减		
期货公司会员	50,209		5,344		

会员类别	总持卖单量	增减		
期货公司会员	54,318		1,364		

