								大连商品交易所 成交量_买持仓_卖持仓排名	

合约代码：v2005		Date：2020-02-14	

			期货公司会员	

名次		会员简称	成交量		增减		
1		东证期货	36,966		5,779		
2		兴证期货	13,855		4,496		
3		海通期货	8,838		-196		
4		国泰君安	6,237		3,335		
5		宏源期货	5,950		2,021		
6		申银万国	4,690		-3,982		
7		天风期货	4,553		4,248		
8		方正中期	4,255		2,360		
9		徽商期货	3,995		1,271		
10		国富期货	3,814		1,288		
11		国信期货	3,526		-805		
12		中辉期货	3,311		1,301		
13		中信期货	3,260		723		
14		国投安信	3,063		1,690		
15		银河期货	2,765		1,628		
16		永安期货	2,685		-4,092		
17		南华期货	2,644		-710		
18		五矿经易	2,484		2,400		
19		华泰期货	2,407		735		
20		华金期货	2,277		1,032		
总计				121,575		24,522		

名次		会员简称	持买单量	增减		
1		永安期货	54,465		305		
2		东证期货	12,329		-134		
3		浙商期货	11,958		1,810		
4		中信期货	10,178		76		
5		国投安信	8,772		607		
6		银河期货	7,659		1,969		
7		中大期货	4,671		-154		
8		广发期货	4,174		530		
9		中银国际	3,714		-36		
10		兴证期货	3,309		1,129		
11		新湖期货	2,569		196		
12		五矿经易	2,484		2,288		
13		大地期货	2,387		115		
14		国富期货	2,222		131		
15		中财期货	2,192		-9		
16		东海期货	2,168		-272		
17		天风期货	2,100		1,304		
18		国海良时	2,049		-466		
19		中信建投	1,996		-311		
20		方正中期	1,917		118		
总计				143,313		9,196		

名次		会员简称	持卖单量	增减		
1		东证期货	21,825		-778		
2		永安期货	14,380		144		
3		国泰君安	11,126		665		
4		中财期货	8,901		1,417		
5		申银万国	8,795		-1,225		
6		中信期货	7,248		452		
7		信达期货	6,750		194		
8		海通期货	5,562		22		
9		一德期货	5,226		157		
10		中信建投	5,191		256		
11		华泰期货	4,806		329		
12		长江期货	4,562		564		
13		国贸期货	4,533		110		
14		建信期货	4,430		-61		
15		南华期货	3,923		1,438		
16		浙商期货	3,699		84		
17		方正中期	3,686		87		
18		华金期货	3,673		328		
19		广州期货	3,615		85		
20		国投安信	3,481		-846		
总计				135,412		3,422		



会员类别	总成交量	增减		
期货公司会员	121,575		24,522		

会员类别	总持买单量	增减		
期货公司会员	143,313		9,196		

会员类别	总持卖单量	增减		
期货公司会员	135,412		3,422		

