								大连商品交易所 成交量_买持仓_卖持仓排名	

合约代码：eg2005		Date：2020-03-03	

			期货公司会员	

名次		会员简称	成交量		增减		
1		东证期货	74,969		1,676		
2		国富期货	16,176		-5,601		
3		中信期货	15,668		-3,937		
4		国泰君安	13,378		-805		
5		海通期货	13,220		-3,548		
6		徽商期货	11,110		-48		
7		华泰期货	8,057		16		
8		永安期货	6,163		-34		
9		东吴期货	5,942		534		
10		华安期货	5,615		-337		
11		方正中期	5,368		850		
12		申银万国	5,237		164		
13		创元期货	4,696		876		
14		南华期货	4,520		-1,347		
15		华西期货	4,515		-641		
16		银河期货	4,375		-1,122		
17		东方财富	4,214		94		
18		平安期货	4,097		-106		
19		兴证期货	3,872		-3,766		
20		光大期货	3,696		-1,521		
总计				214,888		-18,603		

名次		会员简称	持买单量	增减		
1		通惠期货	12,361		444		
2		中信期货	8,475		284		
3		东证期货	7,693		427		
4		新湖期货	7,087		142		
5		建信期货	6,814		-208		
6		华泰期货	5,539		-79		
7		南华期货	5,351		8		
8		银河期货	4,748		255		
9		永安期货	4,476		521		
10		鲁证期货	4,392		319		
11		国贸期货	3,604		792		
12		国泰君安	3,507		-499		
13		英大期货	3,322		-5		
14		徽商期货	3,229		498		
15		宏源期货	3,003		74		
16		浙商期货	2,503		-35		
17		中信建投	2,377		74		
18		广发期货	2,360		-175		
19		宝城期货	2,348		76		
20		招商期货	2,346		23		
总计				95,535		2,936		

名次		会员简称	持卖单量	增减		
1		永安期货	18,835		1,470		
2		中信期货	9,471		24		
3		东海期货	6,803		98		
4		国泰君安	5,731		301		
5		中粮期货	5,102		82		
6		天风期货	5,044		-76		
7		东证期货	4,972		542		
8		银河期货	4,389		46		
9		华泰期货	3,927		-296		
10		五矿经易	3,860		476		
11		浙商期货	3,244		89		
12		鲁证期货	3,202		-6		
13		国投安信	3,155		-169		
14		兴证期货	3,147		1,856		
15		南华期货	2,962		224		
16		东吴期货	2,797		-179		
17		瑞达期货	2,786		49		
18		申银万国	2,288		77		
19		方正中期	2,235		-150		
20		海通期货	2,050		617		
总计				96,000		5,075		



会员类别	总成交量	增减		
期货公司会员	214,888		-18,603		

会员类别	总持买单量	增减		
期货公司会员	95,535		2,936		

会员类别	总持卖单量	增减		
期货公司会员	96,000		5,075		

