								大连商品交易所 成交量_买持仓_卖持仓排名	

合约代码：pp2005		Date：2020-02-13	

			期货公司会员	

名次		会员简称	成交量		增减		
1		东证期货	63,244		-6,559		
2		中信期货	22,599		188		
3		国富期货	21,750		-1,270		
4		海通期货	16,017		-3,497		
5		华安期货	13,850		-367		
6		徽商期货	12,767		-555		
7		国泰君安	12,052		-2,283		
8		永安期货	10,731		-2,056		
9		华泰期货	10,575		-367		
10		申银万国	10,196		2,755		
11		方正中期	9,456		-2,719		
12		南华期货	8,271		-431		
13		国投安信	7,390		915		
14		东航期货	6,767		1,536		
15		银河期货	6,727		-104		
16		中辉期货	6,521		1,554		
17		东方财富	6,402		173		
18		安粮期货	5,878		-2,141		
19		长江期货	5,385		1,025		
20		兴业期货	5,128		-1,920		
总计				261,706		-16,123		

名次		会员简称	持买单量	增减		
1		永安期货	30,783		331		
2		方正中期	20,124		120		
3		国投安信	14,041		1,078		
4		中信期货	12,975		1,095		
5		新湖期货	12,957		291		
6		中信建投	12,076		208		
7		申银万国	11,766		176		
8		东证期货	11,385		229		
9		弘业期货	10,963		585		
10		银河期货	10,555		-425		
11		西南期货	9,916		-47		
12		华泰期货	9,591		-488		
13		中大期货	8,955		2,397		
14		南华期货	8,222		-268		
15		徽商期货	8,025		458		
16		浙商期货	7,556		498		
17		兴业期货	7,242		1,686		
18		瑞达期货	7,030		-180		
19		北京首创	6,878		144		
20		华安期货	6,183		781		
总计				227,223		8,669		

名次		会员简称	持卖单量	增减		
1		永安期货	39,992		3,312		
2		申银万国	25,370		-140		
3		中信期货	23,454		-1,882		
4		国泰君安	16,514		1,845		
5		华泰期货	16,284		2,115		
6		浙商期货	14,551		-170		
7		银河期货	12,990		306		
8		东证期货	11,937		755		
9		南华期货	9,937		659		
10		瑞达期货	9,861		964		
11		中银国际	9,048		227		
12		天风期货	8,179		-406		
13		方正中期	8,109		436		
14		海通期货	7,591		166		
15		中财期货	6,755		-208		
16		国投安信	6,606		1,244		
17		东吴期货	6,601		65		
18		倍特期货	6,385		2,621		
19		金瑞期货	6,251		127		
20		招商期货	6,070		424		
总计				252,485		12,460		



会员类别	总成交量	增减		
期货公司会员	261,706		-16,123		

会员类别	总持买单量	增减		
期货公司会员	227,223		8,669		

会员类别	总持卖单量	增减		
期货公司会员	252,485		12,460		

