								大连商品交易所 成交量_买持仓_卖持仓排名	

合约代码：jd2005		Date：2020-02-14	

			期货公司会员	

名次		会员简称	成交量		增减		
1		东证期货	74,610		-25,840		
2		徽商期货	39,497		-15,685		
3		东方财富	30,524		-10,047		
4		中信期货	28,809		-12,371		
5		方正中期	25,857		-9,239		
6		国富期货	25,117		-7,117		
7		国泰君安	23,636		-12,041		
8		海通期货	22,450		-5,036		
9		华安期货	22,005		-11,832		
10		华泰期货	20,442		-7,866		
11		宏源期货	19,856		-4,412		
12		中信建投	19,277		-6,292		
13		申银万国	18,274		-4,021		
14		东吴期货	12,918		-6,168		
15		银河期货	12,053		-3,849		
16		广发期货	11,657		-3,860		
17		长江期货	11,282		-2,138		
18		平安期货	11,100		-4,335		
19		永安期货	10,672		-9,880		
20		国投安信	10,637		-3,416		
总计				450,673		-165,445	

名次		会员简称	持买单量	增减		
1		中信期货	10,997		174		
2		永安期货	8,506		105		
3		徽商期货	8,251		-693		
4		国泰君安	8,224		-146		
5		方正中期	8,128		-216		
6		广发期货	7,214		-37		
7		华泰期货	6,941		-326		
8		东方财富	6,632		116		
9		华安期货	6,484		95		
10		南华期货	5,936		-241		
11		银河期货	5,920		69		
12		东证期货	5,883		-447		
13		中信建投	5,777		-193		
14		新纪元期货	5,765		-201		
15		海通期货	5,314		440		
16		光大期货	5,113		429		
17		申银万国	4,824		33		
18		长江期货	4,782		-89		
19		创元期货	4,572		-317		
20		宏源期货	4,385		168		
总计				129,648		-1,277		

名次		会员简称	持卖单量	增减		
1		永安期货	14,321		429		
2		方正中期	12,899		-1,071		
3		宏源期货	11,151		-24		
4		徽商期货	10,046		-1,190		
5		中信期货	9,947		385		
6		国泰君安	8,286		246		
7		华泰期货	7,815		6		
8		华安期货	7,294		-80		
9		长江期货	6,605		-53		
10		招金期货	5,915		-916		
11		东证期货	5,776		-51		
12		中信建投	5,608		-88		
13		格林大华	5,530		-135		
14		鲁证期货	5,404		237		
15		中辉期货	5,184		-246		
16		海通期货	5,171		-2,142		
17		银河期货	5,045		2		
18		宝城期货	4,957		479		
19		汇鑫期货	4,946		116		
20		美尔雅期货	4,254		-820		
总计				146,154		-4,916		



会员类别	总成交量	增减		
期货公司会员	450,673		-165,445	

会员类别	总持买单量	增减		
期货公司会员	129,648		-1,277		

会员类别	总持卖单量	增减		
期货公司会员	146,154		-4,916		

