								大连商品交易所 成交量_买持仓_卖持仓排名	

合约代码：l2009		Date：2020-03-02	

			期货公司会员	

名次		会员简称	成交量		增减		
1		东证期货	35,889		-4,556		
2		中信期货	5,396		146		
3		光大期货	3,870		-401		
4		华泰期货	2,749		618		
5		国投安信	2,464		1,710		
6		永安期货	1,827		-1,777		
7		申银万国	1,685		34		
8		兴证期货	1,624		-1,302		
9		国泰君安	1,600		90		
10		海通期货	1,588		-154		
11		长江期货	1,525		539		
12		中信建投	1,494		1,096		
13		大越期货	1,424		1,286		
14		宏源期货	1,420		-654		
15		方正中期	1,416		-267		
16		锦泰期货	1,301		244		
17		五矿经易	1,215		-614		
18		南华期货	1,171		-1,442		
19		广发期货	1,154		-705		
20		弘业期货	1,082		-3,233		
总计				71,894		-9,342		

名次		会员简称	持买单量	增减		
1		永安期货	8,111		-302		
2		华泰期货	3,846		-941		
3		东证期货	3,128		-232		
4		中大期货	3,015		-45		
5		弘业期货	2,570		-124		
6		南华期货	2,539		-236		
7		海通期货	2,205		407		
8		华金期货	2,085		-209		
9		中粮期货	1,977		-203		
10		中信期货	1,955		8		
11		大地期货	1,941		66		
12		新湖期货	1,908		157		
13		国泰君安	1,866		498		
14		东吴期货	1,864		-4		
15		华安期货	1,854		-121		
16		徽商期货	1,835		13		
17		浙商期货	1,707		39		
18		国联期货	1,610		-35		
19		方正中期	1,606		-670		
20		国信期货	1,560		-49		
总计				49,182		-1,983		

名次		会员简称	持卖单量	增减		
1		申银万国	9,606		52		
2		弘业期货	8,853		4		
3		华泰期货	6,898		-134		
4		国投安信	5,501		1,276		
5		建信期货	3,699		203		
6		东证期货	3,592		-975		
7		国海良时	3,352		34		
8		光大期货	3,233		15		
9		永安期货	3,176		389		
10		银河期货	2,974		100		
11		中信期货	2,827		860		
12		方正中期	2,412		-20		
13		浙商期货	2,257		79		
14		天风期货	2,241		-100		
15		大有期货	2,010		17		
16		一德期货	1,938		11		
17		中国国际	1,834		3		
18		东海期货	1,826		110		
19		南华期货	1,707		129		
20		国泰君安	1,434		-382		
总计				71,370		1,671		



会员类别	总成交量	增减		
期货公司会员	71,894		-9,342		

会员类别	总持买单量	增减		
期货公司会员	49,182		-1,983		

会员类别	总持卖单量	增减		
期货公司会员	71,370		1,671		

