								大连商品交易所 成交量_买持仓_卖持仓排名	

合约代码：v2009		Date：2020-03-03	

			期货公司会员	

名次		会员简称	成交量		增减		
1		东证期货	8,905		1,784		
2		永安期货	8,153		3,286		
3		中大期货	2,883		1,780		
4		国泰君安	2,525		2,038		
5		浙商期货	1,888		1,182		
6		华泰期货	1,629		1,074		
7		中国国际	1,505		-99		
8		中信期货	1,156		-202		
9		东航期货	940		157		
10		中信建投	938		571		
11		安粮期货	914		409		
12		锦泰期货	892		207		
13		大越期货	870		669		
14		海通期货	862		-194		
15		中财期货	827		249		
16		长江期货	784		121		
17		国元期货	782		262		
18		中天期货	779		488		
19		国贸期货	765		429		
20		宏源期货	720		-74		
总计				38,717		14,137		

名次		会员简称	持买单量	增减		
1		永安期货	18,789		3,623		
2		国泰君安	3,436		2,399		
3		信达期货	2,610		111		
4		中大期货	2,610		503		
5		东证期货	2,472		12		
6		广州期货	1,694		-49		
7		国投安信	1,529		1		
8		先锋期货	1,459		-10		
9		中信期货	1,337		-22		
10		中国国际	1,288		29		
11		安粮期货	1,276		0		
12		中信建投	1,089		-97		
13		新湖期货	1,039		5		
14		五矿经易	1,011		-113		
15		浙商期货	1,010		173		
16		上海大陆	960		2		
17		方正中期	857		11		
18		鲁证期货	829		-557		
19		银河期货	825		-8		
20		天风期货	782		-1		
总计				46,902		6,012		

名次		会员简称	持卖单量	增减		
1		永安期货	6,738		-160		
2		中信期货	5,447		188		
3		国贸期货	4,866		744		
4		国投安信	2,824		193		
5		中粮期货	2,776		145		
6		华泰期货	2,633		1,008		
7		大地期货	2,380		185		
8		中财期货	2,346		529		
9		东证期货	2,026		87		
10		浙商期货	1,706		775		
11		中大期货	1,675		-1,482		
12		银河期货	1,516		165		
13		国海良时	1,317		199		
14		大越期货	1,308		736		
15		中国国际	1,276		-16		
16		前海期货	1,148		11		
17		北京首创	1,101		18		
18		华金期货	1,087		0		
19		新湖期货	1,003		187		
20		建信期货	923		-1		
总计				46,096		3,511		



会员类别	总成交量	增减		
期货公司会员	38,717		14,137		

会员类别	总持买单量	增减		
期货公司会员	46,902		6,012		

会员类别	总持卖单量	增减		
期货公司会员	46,096		3,511		

