								大连商品交易所 成交量_买持仓_卖持仓排名	

合约代码：eg2005		Date：2020-02-19	

			期货公司会员	

名次		会员简称	成交量		增减		
1		东证期货	46,934		-24,240		
2		中信期货	9,487		-6,795		
3		海通期货	8,313		-7,675		
4		徽商期货	8,027		-1,368		
5		国富期货	7,291		-4,916		
6		华泰期货	6,040		-3,282		
7		国泰君安	6,034		-3,255		
8		永安期货	5,389		847		
9		华安期货	5,222		-1,764		
10		申银万国	4,201		-4,337		
11		东方财富	4,084		-152		
12		方正中期	3,809		-2,643		
13		兴证期货	3,536		-3,890		
14		平安期货	3,351		-17,918		
15		银河期货	3,344		-235		
16		中辉期货	3,195		-111		
17		南华期货	3,108		-2,603		
18		东吴期货	2,808		-2,705		
19		华西期货	2,729		-627		
20		安粮期货	2,643		-2,215		
总计				139,545		-89,884		

名次		会员简称	持买单量	增减		
1		通惠期货	12,253		334		
2		中信期货	8,631		-396		
3		建信期货	7,225		33		
4		新湖期货	6,928		10		
5		永安期货	6,699		574		
6		东证期货	6,448		-86		
7		华泰期货	4,382		573		
8		鲁证期货	4,381		96		
9		国泰君安	4,044		564		
10		南华期货	3,732		31		
11		招商期货	3,321		-16		
12		方正中期	2,934		262		
13		徽商期货	2,830		23		
14		银河期货	2,566		-342		
15		海通期货	2,526		1,375		
16		中信建投	2,519		44		
17		浙商期货	2,482		-73		
18		兴证期货	2,478		1,973		
19		英大期货	2,432		-14		
20		华闻期货	2,205		220		
总计				91,016		5,185		

名次		会员简称	持卖单量	增减		
1		永安期货	14,592		2,639		
2		宝城期货	10,246		0		
3		天风期货	8,296		388		
4		中信期货	7,752		-35		
5		银河期货	7,629		302		
6		国泰君安	6,088		-190		
7		东海期货	5,443		1,428		
8		东证期货	5,186		188		
9		中粮期货	4,674		-5		
10		华泰期货	4,556		-945		
11		东吴期货	4,332		151		
12		方正中期	3,462		223		
13		申银万国	3,135		360		
14		兴业期货	3,058		104		
15		南华期货	2,989		475		
16		鲁证期货	2,975		105		
17		五矿经易	2,961		564		
18		瑞达期货	2,794		210		
19		国投安信	2,598		-118		
20		大地期货	2,043		-292		
总计				104,809		5,552		



会员类别	总成交量	增减		
期货公司会员	139,545		-89,884		

会员类别	总持买单量	增减		
期货公司会员	91,016		5,185		

会员类别	总持卖单量	增减		
期货公司会员	104,809		5,552		

