								大连商品交易所 成交量_买持仓_卖持仓排名	

合约代码：p2005		Date：2020-03-13	

			期货公司会员	

名次		会员简称	成交量		增减		
1		东证期货	563,562		-16,188		
2		申银万国	126,356		-27,300		
3		国泰君安	87,558		-37,623		
4		兴证期货	79,461		3,512		
5		国富期货	70,987		-46,783		
6		中信期货	70,083		7,350		
7		光大期货	59,748		-6,558		
8		海通期货	54,665		-19,320		
9		华闻期货	53,186		8,365		
10		东方财富	39,422		4,257		
11		华泰期货	38,748		-5,114		
12		华安期货	35,013		-3,965		
13		银河期货	33,144		-12,105		
14		徽商期货	31,385		-5,643		
15		中国国际	31,292		15,427		
16		金瑞期货	29,733		-3,132		
17		国元期货	26,899		1,462		
18		永安期货	26,048		-2,619		
19		广发期货	24,789		-18,816		
20		浙商期货	24,356		-417		
总计				1,506,435	-165,210	

名次		会员简称	持买单量	增减		
1		申银万国	21,793		-750		
2		银河期货	15,689		-456		
3		中信期货	13,296		829		
4		中粮期货	12,928		2,882		
5		国富期货	11,561		595		
6		永安期货	9,377		-318		
7		一德期货	9,221		26		
8		安粮期货	6,945		3,523		
9		浙商期货	5,672		-346		
10		国投安信	5,588		248		
11		鲁证期货	5,376		2,713		
12		五矿经易	4,973		-3,907		
13		徽商期货	4,547		-402		
14		华安期货	4,464		741		
15		光大期货	4,263		-291		
16		东证期货	4,170		-2,274		
17		东方财富	4,031		-198		
18		国泰君安	3,826		-1,785		
19		招商期货	3,614		-347		
20		广发期货	3,312		725		
总计				154,646		1,208		

名次		会员简称	持卖单量	增减		
1		中粮期货	20,480		1,818		
2		建信期货	19,714		-986		
3		永安期货	17,186		1,996		
4		国投安信	13,889		-497		
5		银河期货	11,067		-292		
6		一德期货	10,354		-7		
7		国富期货	10,289		-506		
8		中信期货	10,211		-1,618		
9		华泰期货	9,722		-649		
10		申银万国	9,129		-1,268		
11		东证期货	8,550		-974		
12		国泰君安	5,954		1,075		
13		英大期货	5,939		131		
14		摩根大通	4,275		-71		
15		海通期货	3,731		-1,990		
16		光大期货	3,572		-271		
17		兴证期货	3,558		529		
18		华安期货	3,417		-724		
19		五矿经易	3,178		-558		
20		浙商期货	2,958		-526		
总计				177,173		-5,388		



会员类别	总成交量	增减		
期货公司会员	1,506,435	-165,210	

会员类别	总持买单量	增减		
期货公司会员	154,646		1,208		

会员类别	总持卖单量	增减		
期货公司会员	177,173		-5,388		

