								大连商品交易所 成交量_买持仓_卖持仓排名	

合约代码：c2007		Date：2020-02-19	

			期货公司会员	

名次		会员简称	成交量		增减		
1		海通期货	3,997		2,135		
2		东证期货	3,457		610		
3		方正中期	3,105		662		
4		申银万国	2,219		1,957		
5		西部期货	2,162		565		
6		格林大华	2,040		1,535		
7		天风期货	1,932		370		
8		鲁证期货	1,767		339		
9		浙商期货	1,660		455		
10		国海良时	1,612		793		
11		新湖期货	1,554		658		
12		锦泰期货	1,538		-229		
13		弘业期货	1,484		518		
14		银河期货	1,391		1,313		
15		中信期货	1,311		148		
16		永安期货	1,158		609		
17		国投安信	1,131		364		
18		瑞达期货	1,051		76		
19		中大期货	746		-90		
20		冠通期货	703		232		
总计				36,018		13,020		

名次		会员简称	持买单量	增减		
1		鲁证期货	6,015		-10		
2		东证期货	5,608		593		
3		新湖期货	5,041		403		
4		格林大华	4,930		615		
5		海通期货	4,324		646		
6		方正中期	4,278		560		
7		瑞达期货	3,278		91		
8		弘业期货	3,148		675		
9		申银万国	3,024		-139		
10		中信期货	2,606		-24		
11		国投安信	2,527		30		
12		国海良时	2,067		97		
13		中大期货	1,284		193		
14		浙商期货	553		206		
15		东吴期货	488		0		
16		华金期货	398		-57		
17		永安期货	369		-15		
18		徽商期货	248		-15		
19		中信建投	214		0		
20		海航期货	136		0		
总计				50,536		3,849		

名次		会员简称	持卖单量	增减		
1		鲁证期货	5,930		-11		
2		东证期货	5,548		616		
3		新湖期货	5,115		461		
4		格林大华	4,914		615		
5		方正中期	4,152		565		
6		海通期货	4,083		-791		
7		瑞达期货	3,281		80		
8		弘业期货	3,126		675		
9		申银万国	3,025		-134		
10		浙商期货	2,652		206		
11		国投安信	2,513		29		
12		国海良时	2,046		97		
13		中信期货	1,992		-19		
14		中大期货	1,280		193		
15		东吴期货	480		0		
16		华信期货	337		337		
17		永安期货	308		-341		
18		东航期货	163		-9		
19		锦泰期货	150		-4		
20		大地期货	97		0		
总计				51,192		2,565		



会员类别	总成交量	增减		
期货公司会员	36,018		13,020		

会员类别	总持买单量	增减		
期货公司会员	50,536		3,849		

会员类别	总持卖单量	增减		
期货公司会员	51,192		2,565		

