								大连商品交易所 成交量_买持仓_卖持仓排名	

合约代码：i2007		Date：2020-03-02	

			期货公司会员	

名次		会员简称	成交量		增减		
1		方正中期	6,813		3,092		
2		东证期货	3,633		1,603		
3		东海期货	1,980		-1,140		
4		永安期货	1,628		445		
5		银河期货	1,475		1,389		
6		浙商期货	1,372		341		
7		南华期货	1,130		490		
8		上海中期	1,047		484		
9		宝城期货	936		439		
10		申银万国	901		-29		
11		锦泰期货	805		-199		
12		新湖期货	703		-342		
13		中信期货	583		92		
14		弘业期货	575		-58		
15		国信期货	558		10		
16		安粮期货	545		-64		
17		国投安信	437		-136		
18		宏源期货	419		229		
19		天风期货	353		171		
20		国海良时	310		-629		
总计				26,203		6,188		

名次		会员简称	持买单量	增减		
1		上海中期	1,744		-28		
2		道通期货	1,500		0		
3		南华期货	1,175		-38		
4		新湖期货	1,139		104		
5		宝城期货	760		46		
6		中信期货	677		7		
7		永安期货	573		262		
8		华西期货	501		0		
9		国信期货	463		-37		
10		方正中期	416		166		
11		国投安信	332		20		
12		中粮期货	301		-99		
13		海通期货	292		0		
14		浙商期货	261		-56		
15		东证期货	247		27		
16		五矿经易	231		-4		
17		锦泰期货	210		-103		
18		东吴期货	200		0		
19		中大期货	193		0		
20		格林大华	190		19		
总计				11,405		286		

名次		会员简称	持卖单量	增减		
1		上海中期	1,736		-31		
2		南华期货	1,175		-38		
3		永安期货	1,076		14		
4		新湖期货	1,040		5		
5		宝城期货	785		46		
6		中信期货	784		58		
7		海证期货	510		0		
8		华西期货	478		-1		
9		恒泰期货	476		-15		
10		中钢期货	460		0		
11		方正中期	436		29		
12		银河期货	376		322		
13		华泰期货	361		-15		
14		国投安信	351		27		
15		中粮期货	317		0		
16		广州期货	292		0		
17		锦泰期货	241		-128		
18		东海期货	217		1		
19		东吴期货	203		1		
20		中大期货	171		-141		
总计				11,485		134		



会员类别	总成交量	增减		
期货公司会员	26,203		6,188		

会员类别	总持买单量	增减		
期货公司会员	11,405		286		

会员类别	总持卖单量	增减		
期货公司会员	11,485		134		

