								大连商品交易所 成交量_买持仓_卖持仓排名	

合约代码：y2009		Date：2020-02-13	

			期货公司会员	

名次		会员简称	成交量		增减		
1		东证期货	45,020		7,476		
2		光大期货	11,866		1,735		
3		国元期货	9,742		2,034		
4		申银万国	7,939		3,543		
5		中信期货	7,498		2,642		
6		招商期货	7,060		2,341		
7		一德期货	5,764		1,876		
8		中粮期货	5,703		536		
9		海通期货	5,343		-259		
10		国投安信	5,261		933		
11		永安期货	4,273		766		
12		华安期货	3,745		1,029		
13		国富期货	3,489		-1,172		
14		徽商期货	3,156		1,468		
15		华泰期货	3,032		1,077		
16		金瑞期货	2,688		625		
17		方正中期	2,602		1,236		
18		浙商期货	2,551		1,600		
19		招金期货	2,353		1,689		
20		宏源期货	2,334		1,010		
总计				141,419		32,185		

名次		会员简称	持买单量	增减		
1		永安期货	13,743		2,621		
2		中粮期货	13,613		1,450		
3		中财期货	11,872		-559		
4		中信期货	11,388		1,634		
5		一德期货	10,931		-4,381		
6		东证期货	8,205		71		
7		光大期货	6,862		513		
8		国投安信	6,682		-2,942		
9		五矿经易	6,222		-12		
10		申银万国	5,213		1,031		
11		创元期货	4,677		-44		
12		信达期货	4,512		187		
13		广州金控	4,340		173		
14		鲁证期货	4,187		-22		
15		平安期货	3,308		657		
16		徽商期货	2,824		1,213		
17		浙商期货	2,626		1,107		
18		安粮期货	2,403		-26		
19		金瑞期货	1,898		-14		
20		国富期货	1,827		97		
总计				127,333		2,754		

名次		会员简称	持卖单量	增减		
1		中粮期货	33,578		-619		
2		摩根大通	16,957		0		
3		国投安信	11,086		1,197		
4		中信期货	9,489		258		
5		国泰君安	8,767		742		
6		银河期货	8,261		866		
7		永安期货	8,168		562		
8		一德期货	7,911		279		
9		平安期货	6,911		258		
10		广发期货	6,127		-838		
11		新湖期货	6,117		5		
12		申银万国	5,948		476		
13		北京首创	5,727		506		
14		英大期货	4,858		7		
15		东证期货	4,791		1,419		
16		五矿经易	4,214		-36		
17		金瑞期货	2,331		-524		
18		华泰期货	2,304		1,111		
19		中国国际	2,128		-8		
20		海通期货	2,106		-202		
总计				157,779		5,459		



会员类别	总成交量	增减		
期货公司会员	141,419		32,185		

会员类别	总持买单量	增减		
期货公司会员	127,333		2,754		

会员类别	总持卖单量	增减		
期货公司会员	157,779		5,459		

