								大连商品交易所 成交量_买持仓_卖持仓排名	

合约代码：c2007		Date：2020-03-03	

			期货公司会员	

名次		会员简称	成交量		增减		
1		方正中期	4,999		-2,590		
2		东证期货	4,086		-1,676		
3		西部期货	2,817		-867		
4		天风期货	2,488		-606		
5		格林大华	1,846		130		
6		申银万国	1,782		725		
7		浙商期货	1,688		-263		
8		中信期货	1,498		-357		
9		鲁证期货	1,426		-406		
10		国海良时	1,246		-644		
11		弘业期货	1,194		-663		
12		新湖期货	1,192		-60		
13		瑞达期货	1,010		-122		
14		华泰期货	989		67		
15		华金期货	977		652		
16		海通期货	924		-905		
17		中大期货	850		-36		
18		永安期货	748		-259		
19		国投安信	714		-229		
20		北京首创	621		23		
总计				33,095		-8,086		

名次		会员简称	持买单量	增减		
1		东证期货	8,961		-80		
2		申银万国	6,635		866		
3		格林大华	6,013		0		
4		方正中期	5,147		-34		
5		鲁证期货	5,128		0		
6		新湖期货	5,062		20		
7		中大期货	4,056		425		
8		瑞达期货	3,970		38		
9		中信期货	3,725		29		
10		海通期货	3,544		-2		
11		弘业期货	3,100		9		
12		国投安信	2,656		25		
13		国海良时	2,034		511		
14		华泰期货	913		385		
15		浙商期货	529		4		
16		东吴期货	489		0		
17		永安期货	392		4		
18		中信建投	310		-4		
19		华金期货	276		0		
20		徽商期货	255		80		
总计				63,195		2,276		

名次		会员简称	持卖单量	增减		
1		东证期货	8,900		-84		
2		申银万国	6,628		876		
3		格林大华	6,010		0		
4		鲁证期货	5,094		0		
5		新湖期货	5,059		20		
6		方正中期	5,045		-19		
7		海通期货	4,311		-8		
8		中大期货	4,056		425		
9		瑞达期货	3,962		48		
10		弘业期货	3,095		9		
11		中信期货	3,012		-1		
12		国投安信	2,636		13		
13		浙商期货	2,631		4		
14		国海良时	2,005		517		
15		华信期货	1,000		0		
16		华金期货	500		475		
17		东吴期货	480		0		
18		永安期货	326		0		
19		东海期货	150		0		
20		华安期货	123		50		
总计				65,023		2,325		



会员类别	总成交量	增减		
期货公司会员	33,095		-8,086		

会员类别	总持买单量	增减		
期货公司会员	63,195		2,276		

会员类别	总持卖单量	增减		
期货公司会员	65,023		2,325		

