								大连商品交易所 成交量_买持仓_卖持仓排名	

合约代码：y2005		Date：2020-02-19	

			期货公司会员	

名次		会员简称	成交量		增减		
1		东证期货	224,843		37,116		
2		兴证期货	60,419		14,766		
3		光大期货	47,072		2,607		
4		国富期货	36,355		6,223		
5		海通期货	34,933		10,427		
6		申银万国	34,209		9,757		
7		中信期货	26,020		6,539		
8		东方财富	23,937		12,832		
9		华泰期货	22,793		6,875		
10		华安期货	22,482		2,699		
11		徽商期货	21,156		1,220		
12		国泰君安	20,708		-1,050		
13		国信期货	20,139		8,201		
14		国投安信	19,005		3,242		
15		方正中期	18,711		-928		
16		安粮期货	17,847		4,814		
17		永安期货	15,091		1,903		
18		国元期货	15,064		179		
19		中粮期货	13,699		2,423		
20		建信期货	13,377		5,918		
总计				707,860		135,763		

名次		会员简称	持买单量	增减		
1		永安期货	36,481		-2,137		
2		中信期货	18,382		-1,192		
3		中粮期货	16,975		268		
4		东证期货	14,795		-755		
5		光大期货	11,985		2,034		
6		信达期货	11,911		-113		
7		中财期货	11,780		-4		
8		浙商期货	11,208		-958		
9		国泰君安	10,928		-652		
10		银河期货	10,836		-1,170		
11		五矿经易	8,527		242		
12		申银万国	7,319		-312		
13		广发期货	6,631		-2,028		
14		华泰期货	6,531		-1,081		
15		北京首创	6,187		46		
16		格林大华	6,153		121		
17		宏源期货	6,062		285		
18		中信建投	5,818		220		
19		国投安信	5,441		-142		
20		兴业期货	5,392		-33		
总计				219,342		-7,361		

名次		会员简称	持卖单量	增减		
1		国投安信	37,393		-1,421		
2		中粮期货	26,727		-2,151		
3		摩根大通	23,251		-4,379		
4		一德期货	23,140		4,494		
5		中信期货	22,450		-1,258		
6		国泰君安	22,120		2,178		
7		信达期货	18,570		-73		
8		新湖期货	18,210		32		
9		银河期货	13,644		190		
10		鲁证期货	13,639		-2,105		
11		安粮期货	11,247		-2,448		
12		东证期货	10,574		-350		
13		海通期货	9,210		-2,024		
14		永安期货	8,978		-752		
15		南华期货	8,633		-828		
16		徽商期货	7,858		-421		
17		平安期货	7,399		-1,577		
18		华泰期货	6,497		80		
19		五矿经易	5,077		-1,484		
20		宏源期货	5,026		1,156		
总计				299,643		-13,141		



会员类别	总成交量	增减		
期货公司会员	707,860		135,763		

会员类别	总持买单量	增减		
期货公司会员	219,342		-7,361		

会员类别	总持卖单量	增减		
期货公司会员	299,643		-13,141		

