								大连商品交易所 成交量_买持仓_卖持仓排名	

合约代码：p2009		Date：2020-03-03	

			期货公司会员	

名次		会员简称	成交量		增减		
1		东证期货	61,923		-9,956		
2		光大期货	18,988		2,907		
3		兴证期货	16,692		4,249		
4		中信期货	8,068		-780		
5		申银万国	7,506		780		
6		国元期货	7,461		-428		
7		华泰期货	7,254		-1,720		
8		中粮期货	6,815		1,703		
9		永安期货	5,825		618		
10		国富期货	5,513		-471		
11		华安期货	5,015		-3,440		
12		国泰君安	4,516		-4,906		
13		上海中期	4,181		2,060		
14		海通期货	4,135		-2,497		
15		金瑞期货	4,111		-594		
16		徽商期货	3,594		-234		
17		安粮期货	3,140		-1,110		
18		方正中期	2,792		714		
19		浙商期货	2,722		-79		
20		长江期货	2,557		-451		
总计				182,808		-13,635		

名次		会员简称	持买单量	增减		
1		国投安信	8,223		523		
2		国富期货	7,700		445		
3		中粮期货	7,190		-543		
4		建信期货	7,185		-6		
5		华安期货	7,131		187		
6		安粮期货	6,663		978		
7		广发期货	6,155		114		
8		永安期货	6,044		297		
9		浙商期货	5,657		-241		
10		中信期货	5,463		580		
11		一德期货	5,339		397		
12		银河期货	4,653		-67		
13		鲁证期货	3,841		344		
14		信达期货	3,751		-65		
15		格林大华	3,553		-65		
16		弘业期货	3,276		597		
17		金瑞期货	2,427		-5		
18		平安期货	2,369		1,010		
19		英大期货	2,266		-18		
20		国泰君安	2,141		-41		
总计				101,027		4,421		

名次		会员简称	持卖单量	增减		
1		中粮期货	28,797		628		
2		申银万国	21,290		674		
3		中信期货	9,455		490		
4		永安期货	8,168		3,052		
5		国投安信	8,018		44		
6		华泰期货	6,183		191		
7		一德期货	5,716		-1,021		
8		弘业期货	4,570		551		
9		建信期货	3,895		-1,514		
10		国泰君安	3,696		1,559		
11		摩根大通	3,401		150		
12		格林大华	3,292		-1		
13		东证期货	3,269		289		
14		国富期货	3,000		26		
15		银河期货	2,672		72		
16		英大期货	2,346		24		
17		上海中期	2,172		2,009		
18		浙江新世纪	1,862		-26		
19		广发期货	1,662		-308		
20		中信建投	1,636		207		
总计				125,100		7,096		



会员类别	总成交量	增减		
期货公司会员	182,808		-13,635		

会员类别	总持买单量	增减		
期货公司会员	101,027		4,421		

会员类别	总持卖单量	增减		
期货公司会员	125,100		7,096		

