								大连商品交易所 成交量_买持仓_卖持仓排名	

合约代码：c2009		Date：2020-03-13	

			期货公司会员	

名次		会员简称	成交量		增减		
1		国泰君安	97,999		-20,860		
2		东证期货	87,096		-55,503		
3		天风期货	53,448		3,810		
4		中信期货	33,052		6,204		
5		华泰期货	32,132		13,712		
6		徽商期货	21,412		-15,914		
7		光大期货	15,632		-3,748		
8		海通期货	15,520		-5,920		
9		申银万国	15,199		-28,615		
10		华安期货	13,979		-3,974		
11		国投安信	13,845		-14,810		
12		永安期货	12,962		-17,469		
13		东海期货	12,354		1,577		
14		国信期货	12,062		8,860		
15		冠通期货	11,342		-253		
16		招商期货	11,262		-9,355		
17		广州金控	11,032		-3,814		
18		南华期货	9,861		3,354		
19		中信建投	9,650		-10,837		
20		国富期货	9,554		3,139		
总计				499,393		-150,416	

名次		会员简称	持买单量	增减		
1		中财期货	59,451		79		
2		鲁证期货	35,314		261		
3		永安期货	30,863		3,096		
4		中信期货	26,550		1,693		
5		建信期货	25,430		205		
6		中信建投	23,616		5,528		
7		一德期货	20,159		29		
8		新湖期货	15,900		-307		
9		东方财富	12,476		110		
10		海通期货	12,284		-5,141		
11		国泰君安	11,486		948		
12		华泰期货	10,611		139		
13		北京首创	10,571		1,750		
14		国投安信	10,498		-1,162		
15		东证期货	9,911		-1,284		
16		光大期货	9,786		685		
17		银河期货	9,745		-1,220		
18		招金期货	8,742		0		
19		华安期货	8,619		2,504		
20		宏源期货	8,559		692		
总计				360,571		8,605		

名次		会员简称	持卖单量	增减		
1		中粮期货	65,489		-1,239		
2		中信期货	65,445		4,107		
3		永安期货	61,649		3,624		
4		国投安信	53,057		-1,569		
5		金瑞期货	49,836		-13		
6		中辉期货	42,112		987		
7		摩根大通	34,453		4,798		
8		光大期货	21,539		-3,337		
9		东证期货	18,403		4,146		
10		华安期货	14,962		539		
11		银河期货	12,702		146		
12		浙商期货	12,091		-2,302		
13		中国国际	11,425		-1,011		
14		宝城期货	10,007		6		
15		南华期货	9,966		1,171		
16		国泰君安	8,461		-185		
17		大有期货	8,047		-1,202		
18		冠通期货	5,860		1,350		
19		新湖期货	5,192		1,067		
20		申银万国	4,604		688		
总计				515,300		11,771		



会员类别	总成交量	增减		
期货公司会员	499,393		-150,416	

会员类别	总持买单量	增减		
期货公司会员	360,571		8,605		

会员类别	总持卖单量	增减		
期货公司会员	515,300		11,771		

