								大连商品交易所 成交量_买持仓_卖持仓排名	

合约代码：c2005		Date：2020-03-13	

			期货公司会员	

名次		会员简称	成交量		增减		
1		国泰君安	54,618		-30,652		
2		中信期货	21,216		-4,216		
3		光大期货	14,024		-7,463		
4		东证期货	13,086		-55,900		
5		海通期货	6,867		-10,782		
6		申银万国	6,751		-4,521		
7		华泰期货	6,186		1,772		
8		银河期货	6,011		-11,757		
9		国投安信	5,539		-19,738		
10		华安期货	4,828		-267		
11		徽商期货	4,596		-7,084		
12		南华期货	3,674		-69		
13		冠通期货	3,527		-5,081		
14		东海期货	3,210		-13,617		
15		民生期货	3,082		588		
16		海证期货	3,079		-4,698		
17		方正中期	3,024		-3,199		
18		国信期货	2,976		-5,915		
19		广发期货	2,841		-3,281		
20		中信建投	2,505		-6,818		
总计				171,640		-192,698	

名次		会员简称	持买单量	增减		
1		永安期货	95,474		44		
2		国投安信	27,067		-137		
3		东证期货	23,926		-1,065		
4		中财期货	22,034		-82		
5		中信期货	18,017		-921		
6		五矿经易	16,982		-138		
7		中粮期货	12,324		486		
8		金瑞期货	12,122		-123		
9		新湖期货	9,641		-14		
10		广发期货	6,725		1,035		
11		北京首创	6,473		-121		
12		方正中期	6,421		640		
13		中信建投	6,254		8		
14		摩根大通	5,955		200		
15		大通期货	5,002		0		
16		国泰君安	4,936		507		
17		华泰期货	4,494		-200		
18		华安期货	4,184		64		
19		光大期货	4,134		25		
20		东航期货	4,073		-134		
总计				296,238		74		

名次		会员简称	持卖单量	增减		
1		中信期货	52,405		-8,633		
2		中粮期货	39,778		-341		
3		国投安信	25,760		152		
4		兴业期货	22,383		-15		
5		永安期货	21,546		125		
6		银河期货	19,914		-147		
7		东证期货	19,877		-555		
8		金瑞期货	19,741		-193		
9		浙商期货	15,025		-442		
10		华泰期货	12,639		-46		
11		国贸期货	11,656		3		
12		光大期货	7,837		-545		
13		摩根大通	6,697		0		
14		新湖期货	6,486		-87		
15		广发期货	6,349		-116		
16		弘业期货	6,191		-193		
17		信达期货	5,658		6		
18		一德期货	5,322		48		
19		华安期货	5,238		-172		
20		上海大陆	4,408		-7		
总计				314,910		-11,158		



会员类别	总成交量	增减		
期货公司会员	171,640		-192,698	

会员类别	总持买单量	增减		
期货公司会员	296,238		74		

会员类别	总持卖单量	增减		
期货公司会员	314,910		-11,158		

