								大连商品交易所 成交量_买持仓_卖持仓排名	

合约代码：jd2003		Date：2020-02-14	

			期货公司会员	

名次		会员简称	成交量		增减		
1		东方财富	4,509		899		
2		东证期货	4,128		3		
3		徽商期货	3,866		183		
4		华安期货	3,541		141		
5		方正中期	3,501		-505		
6		海通期货	2,781		-372		
7		宏源期货	1,572		-178		
8		鲁证期货	1,368		217		
9		西部期货	1,352		-694		
10		中信建投	1,343		-852		
11		申银万国	1,233		100		
12		国投安信	1,227		401		
13		广发期货	1,185		205		
14		东吴期货	1,057		-45		
15		永安期货	1,036		-673		
16		光大期货	1,027		-440		
17		中财期货	977		320		
18		中信期货	944		-642		
19		华泰期货	917		-181		
20		国元期货	906		186		
总计				38,470		-1,927		

名次		会员简称	持买单量	增减		
1		东方财富	977		36		
2		方正中期	703		18		
3		广发期货	638		134		
4		华安期货	625		175		
5		徽商期货	561		-190		
6		中信期货	475		48		
7		国泰君安	427		-116		
8		东证期货	396		-71		
9		银河期货	388		-19		
10		长江期货	385		-89		
11		中信建投	380		-150		
12		平安期货	363		-159		
13		永安期货	332		18		
14		鲁证期货	279		-17		
15		光大期货	264		-73		
16		招商期货	260		23		
17		东航期货	249		53		
18		华泰期货	238		-103		
19		海通期货	234		56		
20		上海大陆	232		-18		
总计				8,406		-444		

名次		会员简称	持卖单量	增减		
1		徽商期货	1,035		68		
2		华安期货	902		186		
3		永安期货	845		-50		
4		宏源期货	753		0		
5		先锋期货	708		-76		
6		汇鑫期货	655		-325		
7		倍特期货	525		107		
8		中信期货	439		60		
9		东海期货	403		18		
10		格林大华	403		-32		
11		美尔雅期货	365		-48		
12		方正中期	362		-21		
13		银河期货	327		-99		
14		东方财富	325		15		
15		海通期货	311		49		
16		五矿经易	303		58		
17		英大期货	285		-113		
18		海证期货	255		-7		
19		上海大陆	253		85		
20		申银万国	224		9		
总计				9,678		-116		



会员类别	总成交量	增减		
期货公司会员	38,470		-1,927		

会员类别	总持买单量	增减		
期货公司会员	8,406		-444		

会员类别	总持卖单量	增减		
期货公司会员	9,678		-116		

