								大连商品交易所 成交量_买持仓_卖持仓排名	

合约代码：eg2005		Date：2020-02-14	

			期货公司会员	

名次		会员简称	成交量		增减		
1		东证期货	43,455		-8,880		
2		中信期货	13,283		-1,371		
3		徽商期货	10,359		-6,007		
4		海通期货	10,117		-1,924		
5		国富期货	8,312		-734		
6		华泰期货	7,346		992		
7		国泰君安	6,182		-780		
8		华安期货	5,768		-522		
9		申银万国	4,376		-234		
10		光大期货	4,259		241		
11		一德期货	3,787		1,674		
12		兴证期货	3,279		1,447		
13		方正中期	3,103		-837		
14		永安期货	3,099		-377		
15		南华期货	3,075		-1,459		
16		浙商期货	3,012		471		
17		东方财富	2,974		-1,173		
18		安粮期货	2,888		-1,289		
19		东吴期货	2,839		-669		
20		创元期货	2,204		-250		
总计				143,717		-21,681		

名次		会员简称	持买单量	增减		
1		通惠期货	12,045		377		
2		建信期货	7,540		-28		
3		东证期货	7,050		267		
4		新湖期货	6,606		-14		
5		永安期货	6,381		48		
6		中信期货	5,701		272		
7		鲁证期货	4,715		55		
8		南华期货	3,898		95		
9		招商期货	3,550		22		
10		华泰期货	3,292		443		
11		方正中期	3,268		-38		
12		国泰君安	3,191		-253		
13		徽商期货	2,670		-1,191		
14		浙商期货	2,530		-262		
15		英大期货	2,422		-15		
16		先融期货	2,324		-16		
17		宝城期货	2,101		41		
18		中信建投	2,078		36		
19		广发期货	1,887		-73		
20		银河期货	1,842		-238		
总计				85,091		-472		

名次		会员简称	持卖单量	增减		
1		永安期货	11,553		-179		
2		宝城期货	10,204		-351		
3		中信期货	7,904		-797		
4		银河期货	6,854		210		
5		天风期货	6,501		-95		
6		国泰君安	5,815		-649		
7		东证期货	4,545		-64		
8		中粮期货	4,405		98		
9		东海期货	4,156		-32		
10		华泰期货	4,012		-1,123		
11		东吴期货	3,579		-162		
12		鲁证期货	3,361		251		
13		兴业期货	3,047		371		
14		一德期货	2,982		254		
15		国投安信	2,817		29		
16		大地期货	2,628		-23		
17		瑞达期货	2,535		-78		
18		方正中期	2,470		47		
19		弘业期货	2,464		-338		
20		南华期货	2,285		-174		
总计				94,117		-2,805		



会员类别	总成交量	增减		
期货公司会员	143,717		-21,681		

会员类别	总持买单量	增减		
期货公司会员	85,091		-472		

会员类别	总持卖单量	增减		
期货公司会员	94,117		-2,805		

