								大连商品交易所 成交量_买持仓_卖持仓排名	

合约代码：b2005		Date：2020-02-13	

			期货公司会员	

名次		会员简称	成交量		增减		
1		东证期货	17,250		4,348		
2		中信期货	6,641		1,732		
3		渤海期货	5,186		555		
4		国富期货	5,003		20		
5		国投安信	4,188		1,074		
6		方正中期	3,811		-556		
7		永安期货	3,519		426		
8		中原期货	3,513		295		
9		光大期货	2,927		1,380		
10		南华期货	2,724		1,561		
11		国泰君安	2,438		-894		
12		五矿经易	2,352		-394		
13		东吴期货	2,321		1,978		
14		华泰期货	2,128		149		
15		上海中期	2,101		1,717		
16		申银万国	1,956		238		
17		金瑞期货	1,830		347		
18		徽商期货	1,726		937		
19		宏源期货	1,586		962		
20		中信建投	1,550		1,067		
总计				74,750		16,942		

名次		会员简称	持买单量	增减		
1		五矿经易	4,808		1,143		
2		金瑞期货	3,610		228		
3		渤海期货	3,387		248		
4		申银万国	3,261		-344		
5		东证期货	1,437		-6		
6		国海良时	1,178		45		
7		海通期货	1,142		155		
8		光大期货	983		158		
9		信达期货	830		47		
10		银河期货	627		36		
11		徽商期货	616		-52		
12		方正中期	587		16		
13		国投安信	578		22		
14		大地期货	566		517		
15		东海期货	556		14		
16		迈科期货	545		7		
17		华泰期货	543		120		
18		福能期货	533		-50		
19		新晟期货	524		0		
20		中信期货	519		168		
总计				26,830		2,472		

名次		会员简称	持卖单量	增减		
1		五矿经易	5,093		1,137		
2		国投安信	4,910		-406		
3		金瑞期货	3,638		252		
4		渤海期货	3,087		336		
5		申银万国	1,719		-406		
6		摩根大通	1,631		0		
7		华安期货	1,559		-251		
8		中信期货	1,192		-13		
9		中天期货	1,140		0		
10		光大期货	1,116		427		
11		海通期货	1,036		112		
12		宏源期货	1,021		16		
13		银河期货	881		-58		
14		北京首创	770		-1		
15		南华期货	711		442		
16		广发期货	478		-199		
17		中信建投	417		275		
18		倍特期货	382		21		
19		东证期货	366		224		
20		东吴期货	321		291		
总计				31,468		2,199		



会员类别	总成交量	增减		
期货公司会员	74,750		16,942		

会员类别	总持买单量	增减		
期货公司会员	26,830		2,472		

会员类别	总持卖单量	增减		
期货公司会员	31,468		2,199		

