								大连商品交易所 成交量_买持仓_卖持仓排名	

合约代码：c2005		Date：2020-03-03	

			期货公司会员	

名次		会员简称	成交量		增减		
1		东证期货	98,523		-7,134		
2		天风期货	48,706		-7,577		
3		国泰君安	37,504		-53,224		
4		安粮期货	32,075		-14,901		
5		中信期货	24,680		-3,928		
6		徽商期货	17,916		-11,409		
7		广州金控	13,960		-7,750		
8		国富期货	13,118		-2,703		
9		海证期货	12,521		4,035		
10		光大期货	12,075		-9,401		
11		中信建投	10,856		3,227		
12		申银万国	10,386		-3,470		
13		国投安信	10,371		1,151		
14		兴证期货	9,652		-1,562		
15		永安期货	9,089		-7,000		
16		银河期货	8,731		-12,775		
17		冠通期货	7,796		-1,705		
18		华泰期货	6,881		-7,923		
19		东吴期货	6,779		2,266		
20		广发期货	6,527		-2,452		
总计				398,146		-144,235	

名次		会员简称	持买单量	增减		
1		永安期货	120,274		-5,544		
2		中财期货	49,977		229		
3		中信期货	25,152		-2,868		
4		国投安信	24,609		-4,997		
5		东证期货	20,467		-3,676		
6		五矿经易	18,211		-984		
7		中信建投	11,891		3,102		
8		中粮期货	11,423		-228		
9		徽商期货	10,914		-1,510		
10		华泰期货	10,912		313		
11		新湖期货	10,161		78		
12		国泰君安	8,391		-1,772		
13		银河期货	8,195		839		
14		建信期货	7,833		-1,157		
15		方正中期	7,415		-227		
16		兴证期货	7,311		-474		
17		海通期货	7,102		1,936		
18		光大期货	6,517		-1,385		
19		国海良时	6,140		2,041		
20		广发期货	5,969		-169		
总计				378,864		-16,453		

名次		会员简称	持卖单量	增减		
1		中信期货	83,669		-11,916		
2		中粮期货	49,971		219		
3		永安期货	41,955		-535		
4		东证期货	30,630		-2,615		
5		国投安信	25,076		-80		
6		中辉期货	22,538		25		
7		兴业期货	20,375		-68		
8		金瑞期货	19,233		366		
9		华泰期货	17,672		-156		
10		光大期货	16,203		-518		
11		银河期货	10,890		-3,014		
12		国贸期货	10,388		178		
13		大有期货	10,016		-34		
14		浙商期货	9,959		1,990		
15		东海期货	9,643		1,531		
16		新湖期货	7,898		75		
17		信达期货	6,851		23		
18		华安期货	6,790		-239		
19		兴证期货	6,625		1,118		
20		弘业期货	6,469		128		
总计				412,851		-13,522		



会员类别	总成交量	增减		
期货公司会员	398,146		-144,235	

会员类别	总持买单量	增减		
期货公司会员	378,864		-16,453		

会员类别	总持卖单量	增减		
期货公司会员	412,851		-13,522		

