								大连商品交易所 成交量_买持仓_卖持仓排名	

合约代码：m2009		Date：2020-03-02	

			期货公司会员	

名次		会员简称	成交量		增减		
1		东证期货	232,852		79,250		
2		海通期货	89,783		34,128		
3		光大期货	70,360		23,036		
4		兴证期货	66,059		32,462		
5		永安期货	51,892		31,123		
6		中粮期货	51,390		3,752		
7		中信期货	49,091		24,355		
8		华安期货	45,182		16,433		
9		国投安信	42,784		17,999		
10		申银万国	41,457		9,701		
11		华泰期货	37,067		-10,485		
12		浙商期货	30,879		10,153		
13		宏源期货	28,526		5,442		
14		海证期货	27,684		-366		
15		长江期货	27,411		13,146		
16		方正中期	27,229		9,969		
17		银河期货	25,839		13,189		
18		徽商期货	24,986		8,758		
19		国元期货	23,346		12,450		
20		鲁证期货	22,563		13,609		
总计				1,016,380	348,104		

名次		会员简称	持买单量	增减		
1		永安期货	54,560		-3,654		
2		大越期货	48,445		752		
3		中信期货	45,141		11,668		
4		银河期货	45,085		5,252		
5		一德期货	43,181		-6,155		
6		大地期货	42,144		508		
7		华泰期货	40,947		5,237		
8		宏源期货	40,930		-5,111		
9		浙商期货	40,245		977		
10		国投安信	37,058		588		
11		广发期货	36,467		-1,866		
12		天风期货	33,249		-258		
13		国泰君安	28,439		1,622		
14		华安期货	25,304		840		
15		方正中期	24,725		4,350		
16		海通期货	24,298		3,471		
17		五矿经易	24,044		1,547		
18		宝城期货	22,873		-649		
19		格林大华	22,178		4,274		
20		长江期货	20,998		7,810		
总计				700,311		31,203		

名次		会员简称	持卖单量	增减		
1		中粮期货	332,825		-20,369		
2		国投安信	230,095		14,366		
3		摩根大通	118,556		6,979		
4		银河期货	73,442		3,055		
5		中信期货	57,314		3,889		
6		永安期货	47,352		12,238		
7		国泰君安	39,810		769		
8		广发期货	38,158		4,237		
9		一德期货	38,101		-1,914		
10		新湖期货	37,862		187		
11		平安期货	31,144		4,920		
12		华泰期货	27,030		-192		
13		英大期货	19,857		29		
14		信达期货	16,878		-48		
15		五矿经易	16,076		1,675		
16		北京首创	14,553		-2,962		
17		格林大华	14,493		263		
18		国富期货	11,766		153		
19		南华期货	11,162		1,432		
20		弘业期货	8,604		-2,905		
总计				1,185,078	25,802		



会员类别	总成交量	增减		
期货公司会员	1,016,380	348,104		

会员类别	总持买单量	增减		
期货公司会员	700,311		31,203		

会员类别	总持卖单量	增减		
期货公司会员	1,185,078	25,802		

