								大连商品交易所 成交量_买持仓_卖持仓排名	

合约代码：m2003		Date：2020-02-13	

			期货公司会员	

名次		会员简称	成交量		增减		
1		国投安信	2,418		2,240		
2		方正中期	1,947		-2		
3		新湖期货	1,709		1,266		
4		东证期货	1,415		-442		
5		光大期货	1,386		989		
6		鲁证期货	908		128		
7		国信期货	775		286		
8		南华期货	712		32		
9		中信期货	708		248		
10		国泰君安	644		212		
11		银河期货	442		111		
12		北京金鹏	400		400		
13		海通期货	357		135		
14		中州期货	250		82		
15		华泰期货	240		123		
16		永安期货	184		-108		
17		中粮期货	175		130		
18		宝城期货	166		116		
19		摩根大通	144		144		
20		一德期货	134		-180		
总计				15,114		5,910		

名次		会员简称	持买单量	增减		
1		中信期货	4,079		30		
2		中州期货	1,504		250		
3		鲁证期货	1,428		-455		
4		摩根大通	600		0		
5		北京金鹏	505		-400		
6		方正中期	448		-807		
7		五矿经易	395		-12		
8		北京首创	392		-1		
9		永安期货	372		180		
10		银河期货	347		30		
11		兴证期货	277		13		
12		华泰期货	248		-190		
13		南华期货	228		-300		
14		宝城期货	212		160		
15		国海良时	189		20		
16		东航期货	161		5		
17		东证期货	137		-115		
18		光大期货	122		63		
19		中辉期货	121		0		
20		国投安信	111		-1,000		
总计				11,876		-2,529		

名次		会员简称	持卖单量	增减		
1		南华期货	3,247		-400		
2		中州期货	2,104		0		
3		鲁证期货	1,399		-447		
4		国泰君安	1,012		-293		
5		国投安信	650		-1,410		
6		中信期货	519		216		
7		摩根大通	518		-144		
8		广发期货	501		0		
9		方正中期	417		-800		
10		新湖期货	307		306		
11		东兴期货	300		0		
12		金瑞期货	262		0		
13		中粮期货	250		-100		
14		浙商期货	250		-1		
15		兴证期货	207		-1		
16		平安期货	191		0		
17		东航期货	150		-16		
18		北京首创	150		-5		
19		广州金控	150		-87		
20		中辉期货	116		0		
总计				12,700		-3,182		



会员类别	总成交量	增减		
期货公司会员	15,114		5,910		

会员类别	总持买单量	增减		
期货公司会员	11,876		-2,529		

会员类别	总持卖单量	增减		
期货公司会员	12,700		-3,182		

