								大连商品交易所 成交量_买持仓_卖持仓排名	

合约代码：v2009		Date：2020-03-13	

			期货公司会员	

名次		会员简称	成交量		增减		
1		东证期货	8,603		1,674		
2		永安期货	4,914		1,848		
3		中大期货	3,295		521		
4		长江期货	2,010		696		
5		申银万国	1,882		340		
6		中信期货	1,841		-380		
7		中国国际	1,661		660		
8		锦泰期货	1,645		787		
9		中财期货	1,576		1,185		
10		南华期货	1,550		859		
11		华安期货	1,478		1,282		
12		东航期货	1,124		583		
13		一德期货	1,116		1,099		
14		光大期货	1,104		488		
15		华金期货	1,056		289		
16		国富期货	1,006		95		
17		鲁证期货	1,005		-230		
18		中辉期货	989		310		
19		瑞达期货	947		643		
20		冠通期货	928		7		
总计				39,730		12,756		

名次		会员简称	持买单量	增减		
1		永安期货	28,031		1,002		
2		中大期货	6,578		1,078		
3		鲁证期货	5,164		261		
4		浙商期货	5,020		136		
5		国泰君安	4,753		63		
6		东证期货	3,854		-475		
7		信达期货	2,984		4		
8		国投安信	2,740		164		
9		广州期货	2,090		7		
10		汇鑫期货	1,804		-30		
11		中信期货	1,676		-23		
12		瑞达期货	1,585		766		
13		方正中期	1,574		21		
14		上海大陆	1,493		-9		
15		宏源期货	1,413		175		
16		中国国际	1,311		-26		
17		徽商期货	1,276		-1		
18		一德期货	1,263		-382		
19		华安期货	1,248		62		
20		新湖期货	1,168		30		
总计				77,025		2,823		

名次		会员简称	持卖单量	增减		
1		永安期货	11,702		644		
2		国贸期货	6,394		-102		
3		中信期货	6,223		-874		
4		国投安信	5,198		92		
5		华泰期货	4,787		1		
6		中财期货	4,584		623		
7		中粮期货	4,198		99		
8		银河期货	3,634		-39		
9		中大期货	3,182		-1,277		
10		中国国际	2,790		193		
11		北京首创	2,580		62		
12		浙商期货	2,303		9		
13		东证期货	2,274		346		
14		大地期货	2,226		-62		
15		广州期货	2,189		-25		
16		华金期货	1,784		195		
17		国海良时	1,655		-77		
18		瑞达期货	1,591		81		
19		信达期货	1,572		11		
20		申银万国	1,394		-64		
总计				72,260		-164		



会员类别	总成交量	增减		
期货公司会员	39,730		12,756		

会员类别	总持买单量	增减		
期货公司会员	77,025		2,823		

会员类别	总持卖单量	增减		
期货公司会员	72,260		-164		

