								大连商品交易所 成交量_买持仓_卖持仓排名	

合约代码：m2005		Date：2020-02-13	

			期货公司会员	

名次		会员简称	成交量		增减		
1		东证期货	314,194		133,318		
2		国泰君安	224,562		81,616		
3		冠通期货	80,064		54,714		
4		兴证期货	79,222		48,615		
5		国投安信	54,053		29,875		
6		海通期货	51,921		27,689		
7		国富期货	45,656		28,737		
8		华泰期货	45,404		21,273		
9		申银万国	43,613		28,214		
10		中信期货	42,631		16,604		
11		中粮期货	40,744		2,266		
12		徽商期货	38,085		24,680		
13		永安期货	34,033		22,806		
14		银河期货	25,697		15,502		
15		国信期货	25,579		10,107		
16		华安期货	25,559		7,982		
17		金瑞期货	24,953		15,501		
18		光大期货	22,508		9,811		
19		方正中期	19,455		9,170		
20		宏源期货	18,787		8,154		
总计				1,256,720	596,634		

名次		会员简称	持买单量	增减		
1		永安期货	64,736		-3,195		
2		中粮期货	54,671		-445		
3		格林大华	54,075		-5,424		
4		华泰期货	53,790		-703		
5		广发期货	51,282		-532		
6		一德期货	50,584		159		
7		国投安信	47,729		2,489		
8		大越期货	46,966		-327		
9		浙商期货	40,297		-208		
10		中信期货	39,403		-2,627		
11		国泰君安	35,102		180		
12		申银万国	34,156		-2,471		
13		银河期货	32,109		605		
14		东证期货	30,965		7,777		
15		宝城期货	27,040		-1,433		
16		五矿经易	26,809		1,529		
17		宏源期货	23,923		-1,581		
18		南华期货	23,115		-919		
19		大地期货	20,088		93		
20		新湖期货	19,235		-2,073		
总计				776,075		-9,106		

名次		会员简称	持卖单量	增减		
1		中粮期货	173,377		18,541		
2		国投安信	143,069		16,222		
3		摩根大通	74,463		327		
4		鲁证期货	64,002		-378		
5		一德期货	62,454		355		
6		国泰君安	62,005		-3,478		
7		新湖期货	56,846		-1,330		
8		信达期货	51,816		-201		
9		中信期货	47,134		-1,185		
10		永安期货	44,096		914		
11		银河期货	38,021		-1,640		
12		东证期货	31,243		-2,521		
13		平安期货	25,448		369		
14		海通期货	25,329		-5,231		
15		南华期货	23,379		-4,107		
16		格林大华	20,678		2,060		
17		兴业期货	20,642		-822		
18		金瑞期货	20,104		-784		
19		五矿经易	19,626		-629		
20		中国国际	18,999		592		
总计				1,022,731	17,074		



会员类别	总成交量	增减		
期货公司会员	1,256,720	596,634		

会员类别	总持买单量	增减		
期货公司会员	776,075		-9,106		

会员类别	总持卖单量	增减		
期货公司会员	1,022,731	17,074		

