								大连商品交易所 成交量_买持仓_卖持仓排名	

合约代码：m2009		Date：2020-02-13	

			期货公司会员	

名次		会员简称	成交量		增减		
1		东证期货	120,128		53,445		
2		海通期货	37,418		15,464		
3		华泰期货	24,750		17,907		
4		光大期货	22,923		9,170		
5		国投安信	18,153		13,128		
6		华安期货	17,883		4,059		
7		浙商期货	17,793		7,681		
8		中信期货	15,563		7,296		
9		广发期货	13,369		9,173		
10		申银万国	11,358		6,435		
11		方正中期	11,071		5,709		
12		徽商期货	11,025		5,251		
13		招商期货	9,465		4,771		
14		东吴期货	9,378		3,812		
15		兴证期货	9,276		5,052		
16		银河期货	9,034		2,834		
17		国元期货	8,959		5,692		
18		宏源期货	8,951		4,507		
19		长江期货	8,750		-5,131		
20		国泰君安	8,564		4,091		
总计				393,811		180,346		

名次		会员简称	持买单量	增减		
1		永安期货	51,290		930		
2		浙商期货	43,500		-7,834		
3		大地期货	42,304		167		
4		广发期货	40,917		1,791		
5		一德期货	40,174		3,362		
6		宏源期货	35,991		-972		
7		华泰期货	34,314		4,076		
8		银河期货	33,542		2,398		
9		国投安信	32,594		1,441		
10		天风期货	32,348		-50		
11		大越期货	27,421		371		
12		鲁证期货	23,830		279		
13		宝城期货	23,731		-1,241		
14		国泰君安	23,094		694		
15		新湖期货	21,475		993		
16		中信期货	21,377		212		
17		倍特期货	20,252		2,545		
18		华安期货	20,132		-294		
19		方正中期	19,827		-850		
20		海通期货	19,660		1,892		
总计				607,773		9,910		

名次		会员简称	持卖单量	增减		
1		中粮期货	286,401		1,435		
2		国投安信	162,716		12,234		
3		摩根大通	99,633		2,732		
4		银河期货	70,439		88		
5		中信期货	50,971		445		
6		国泰君安	42,041		222		
7		永安期货	40,680		1,584		
8		一德期货	40,495		8		
9		新湖期货	37,277		-203		
10		平安期货	30,186		-386		
11		广发期货	27,682		8,352		
12		华泰期货	21,173		346		
13		英大期货	19,742		5		
14		北京首创	17,402		-59		
15		五矿经易	15,911		289		
16		格林大华	14,164		-17		
17		申银万国	11,187		-825		
18		海证期货	11,054		-230		
19		光大期货	9,322		-380		
20		南华期货	9,230		-222		
总计				1,017,706	25,418		



会员类别	总成交量	增减		
期货公司会员	393,811		180,346		

会员类别	总持买单量	增减		
期货公司会员	607,773		9,910		

会员类别	总持卖单量	增减		
期货公司会员	1,017,706	25,418		

