								大连商品交易所 成交量_买持仓_卖持仓排名	

合约代码：y2009		Date：2020-02-19	

			期货公司会员	

名次		会员简称	成交量		增减		
1		东证期货	36,750		2,371		
2		光大期货	14,271		3,753		
3		广发期货	8,007		4,138		
4		招商期货	7,660		366		
5		国投安信	6,926		4,727		
6		国富期货	6,795		2,963		
7		国元期货	6,427		-2,649		
8		申银万国	6,193		2,355		
9		中信期货	5,927		-5,593		
10		安粮期货	5,756		1,190		
11		一德期货	5,379		1,934		
12		中粮期货	5,071		1,685		
13		海通期货	5,003		1,818		
14		华安期货	4,905		1,850		
15		永安期货	4,411		-1,508		
16		摩根大通	4,289		3,116		
17		徽商期货	3,739		781		
18		华泰期货	2,864		1,260		
19		银河期货	2,860		1,874		
20		鲁证期货	2,654		1,301		
总计				145,887		27,732		

名次		会员简称	持买单量	增减		
1		中信期货	18,015		479		
2		永安期货	15,350		326		
3		中财期货	12,508		218		
4		中粮期货	12,329		-670		
5		东证期货	8,601		267		
6		五矿经易	6,899		158		
7		一德期货	5,744		958		
8		光大期货	5,625		-641		
9		国投安信	5,202		930		
10		创元期货	4,626		28		
11		华泰期货	4,575		529		
12		申银万国	4,506		358		
13		信达期货	4,496		5		
14		广州金控	4,479		28		
15		浙商期货	4,249		90		
16		广发期货	3,444		2,661		
17		鲁证期货	3,344		-22		
18		银河期货	2,479		-17		
19		徽商期货	2,463		18		
20		金瑞期货	1,861		-23		
总计				130,795		5,680		

名次		会员简称	持卖单量	增减		
1		中粮期货	34,028		661		
2		摩根大通	21,819		3,689		
3		国投安信	14,799		3,550		
4		永安期货	10,802		-423		
5		中信期货	9,641		-132		
6		广发期货	9,175		790		
7		国泰君安	8,718		191		
8		一德期货	8,279		155		
9		银河期货	7,803		179		
10		平安期货	6,889		38		
11		新湖期货	6,120		6		
12		北京首创	5,785		50		
13		申银万国	5,694		-107		
14		英大期货	4,884		36		
15		五矿经易	4,296		104		
16		东证期货	3,189		-663		
17		中国国际	2,567		216		
18		华泰期货	2,241		25		
19		海通期货	2,211		-150		
20		国富期货	2,049		508		
总计				170,989		8,723		



会员类别	总成交量	增减		
期货公司会员	145,887		27,732		

会员类别	总持买单量	增减		
期货公司会员	130,795		5,680		

会员类别	总持卖单量	增减		
期货公司会员	170,989		8,723		

