								大连商品交易所 成交量_买持仓_卖持仓排名	

合约代码：jm2005		Date：2020-03-02	

			期货公司会员	

名次		会员简称	成交量		增减		
1		东证期货	25,949		-2,353		
2		国富期货	13,295		1,381		
3		光大期货	7,747		-394		
4		中信期货	7,222		682		
5		永安期货	5,977		256		
6		中辉期货	5,699		-2,004		
7		兴证期货	4,993		71		
8		申银万国	4,949		-334		
9		银河期货	4,405		-716		
10		海通期货	4,369		419		
11		方正中期	3,930		-135		
12		国泰君安	3,614		-802		
13		华泰期货	3,226		-567		
14		国投安信	3,198		-38		
15		华安期货	2,410		-720		
16		安粮期货	2,410		-406		
17		徽商期货	2,385		-434		
18		东吴期货	2,129		316		
19		中粮期货	1,955		-280		
20		东方财富	1,740		258		
总计				111,602		-5,800		

名次		会员简称	持买单量	增减		
1		永安期货	16,899		2,106		
2		东证期货	11,927		-331		
3		中信期货	8,545		332		
4		中辉期货	4,165		-228		
5		国富期货	3,532		-1,547		
6		海通期货	3,075		1,414		
7		摩根大通	2,808		403		
8		华泰期货	2,792		-157		
9		招金期货	2,383		-193		
10		鲁证期货	2,247		77		
11		兴证期货	2,194		-519		
12		国泰君安	2,179		-49		
13		安粮期货	2,063		354		
14		申银万国	1,865		-791		
15		一德期货	1,835		223		
16		瑞达期货	1,779		48		
17		银河期货	1,762		-284		
18		长江期货	1,681		34		
19		国联期货	1,654		12		
20		南华期货	1,644		450		
总计				77,029		1,354		

名次		会员简称	持卖单量	增减		
1		东证期货	14,176		-86		
2		永安期货	11,267		537		
3		中信期货	7,983		1,018		
4		中国国际	5,202		111		
5		银河期货	4,704		-77		
6		中粮期货	3,685		398		
7		国富期货	3,585		-1,414		
8		申银万国	3,363		-1,100		
9		华泰期货	3,211		377		
10		中辉期货	2,886		-75		
11		中信建投	2,266		322		
12		方正中期	2,090		-15		
13		国泰君安	1,987		-105		
14		光大期货	1,985		-1,042		
15		浙商期货	1,970		110		
16		宏源期货	1,651		-26		
17		兴证期货	1,528		-432		
18		国投安信	1,494		-140		
19		建信期货	1,426		138		
20		华安期货	1,327		188		
总计				77,786		-1,313		



会员类别	总成交量	增减		
期货公司会员	111,602		-5,800		

会员类别	总持买单量	增减		
期货公司会员	77,029		1,354		

会员类别	总持卖单量	增减		
期货公司会员	77,786		-1,313		

