								大连商品交易所 成交量_买持仓_卖持仓排名	

合约代码：v2009		Date：2020-03-02	

			期货公司会员	

名次		会员简称	成交量		增减		
1		东证期货	7,121		-3,244		
2		永安期货	4,867		-476		
3		中国国际	1,604		-177		
4		中信期货	1,358		-1,300		
5		中大期货	1,103		79		
6		海通期货	1,056		451		
7		徽商期货	894		438		
8		光大期货	847		234		
9		大地期货	836		178		
10		宏源期货	794		-990		
11		国投安信	787		-130		
12		东航期货	783		307		
13		浙商期货	706		-450		
14		锦泰期货	685		-101		
15		长江期货	663		48		
16		中财期货	578		-300		
17		华泰期货	555		-777		
18		国元期货	520		-641		
19		金瑞期货	506		15		
20		安粮期货	505		-626		
总计				26,768		-7,462		

名次		会员简称	持买单量	增减		
1		永安期货	15,166		2,936		
2		信达期货	2,499		84		
3		东证期货	2,460		-162		
4		中大期货	2,107		1		
5		广州期货	1,743		29		
6		国投安信	1,528		332		
7		先锋期货	1,469		-1		
8		鲁证期货	1,386		-37		
9		中信期货	1,359		-3		
10		安粮期货	1,276		29		
11		中国国际	1,259		-32		
12		中信建投	1,186		-134		
13		五矿经易	1,124		-13		
14		国泰君安	1,037		264		
15		新湖期货	1,034		79		
16		上海大陆	958		194		
17		方正中期	846		12		
18		浙商期货	837		346		
19		银河期货	833		-24		
20		南华期货	812		-50		
总计				40,919		3,850		

名次		会员简称	持卖单量	增减		
1		永安期货	6,898		-13		
2		中信期货	5,259		89		
3		国贸期货	4,122		176		
4		中大期货	3,157		724		
5		国投安信	2,631		373		
6		中粮期货	2,631		165		
7		大地期货	2,195		101		
8		东证期货	1,939		93		
9		中财期货	1,817		53		
10		华泰期货	1,625		-12		
11		银河期货	1,351		53		
12		中国国际	1,292		316		
13		前海期货	1,137		0		
14		国海良时	1,118		20		
15		华金期货	1,087		30		
16		北京首创	1,083		-26		
17		宏源期货	955		-354		
18		浙商期货	931		24		
19		建信期货	924		4		
20		新湖期货	816		-13		
总计				42,968		1,803		



会员类别	总成交量	增减		
期货公司会员	26,768		-7,462		

会员类别	总持买单量	增减		
期货公司会员	40,919		3,850		

会员类别	总持卖单量	增减		
期货公司会员	42,968		1,803		

