								大连商品交易所 成交量_买持仓_卖持仓排名	

合约代码：a2009		Date：2020-02-13	

			期货公司会员	

名次		会员简称	成交量		增减		
1		东证期货	6,404		3,875		
2		中信期货	2,243		1,486		
3		方正中期	1,910		1,532		
4		华安期货	1,453		918		
5		国富期货	1,308		795		
6		宏源期货	1,230		818		
7		东吴期货	1,160		934		
8		铜冠金源	1,115		1,067		
9		国泰君安	1,107		817		
10		申银万国	1,030		870		
11		徽商期货	962		676		
12		海通期货	858		748		
13		美尔雅期货	617		533		
14		招金期货	557		489		
15		永安期货	547		407		
16		华信期货	513		444		
17		华泰期货	500		292		
18		浙江新世纪	473		318		
19		渤海期货	461		427		
20		北京首创	415		194		
总计				24,863		17,640		

名次		会员简称	持买单量	增减		
1		鲁证期货	2,373		40		
2		永安期货	1,455		269		
3		大越期货	1,225		0		
4		广州金控	1,213		-72		
5		渤海期货	1,074		-44		
6		海通期货	944		24		
7		徽商期货	833		47		
8		申银万国	809		-23		
9		东吴期货	621		57		
10		华安期货	596		75		
11		德盛期货	526		-1		
12		国泰君安	473		99		
13		华信期货	469		33		
14		英大期货	402		-32		
15		东兴期货	350		0		
16		海证期货	344		-66		
17		瑞达期货	326		116		
18		金瑞期货	325		294		
19		华泰期货	262		141		
20		国投安信	250		-5		
总计				14,870		952		

名次		会员简称	持卖单量	增减		
1		中信期货	7,749		86		
2		国泰君安	2,045		426		
3		首创京都	1,710		217		
4		华安期货	1,080		72		
5		铜冠金源	600		599		
6		东吴期货	587		5		
7		徽商期货	520		33		
8		中辉期货	431		-54		
9		永安期货	318		50		
10		中州期货	292		13		
11		北京首创	269		-204		
12		平安期货	244		87		
13		海通期货	222		-24		
14		方正中期	216		0		
15		中信建投	208		9		
16		华创期货	201		1		
17		广发期货	200		4		
18		弘业期货	178		32		
19		神华期货	171		-145		
20		国投安信	169		-7		
总计				17,410		1,200		



会员类别	总成交量	增减		
期货公司会员	24,863		17,640		

会员类别	总持买单量	增减		
期货公司会员	14,870		952		

会员类别	总持卖单量	增减		
期货公司会员	17,410		1,200		

