								大连商品交易所 成交量_买持仓_卖持仓排名	

合约代码：pp2009		Date：2020-02-13	

			期货公司会员	

名次		会员简称	成交量		增减		
1		东证期货	4,886		-1,285		
2		申银万国	2,717		129		
3		中信期货	1,764		-579		
4		国富期货	1,317		68		
5		华安期货	1,250		269		
6		国投安信	1,250		584		
7		永安期货	1,102		73		
8		海通期货	989		-41		
9		光大期货	753		111		
10		徽商期货	753		-167		
11		华泰期货	687		-76		
12		国泰君安	684		-290		
13		大地期货	678		595		
14		兴业期货	627		17		
15		中财期货	542		-295		
16		弘业期货	530		-14		
17		海证期货	523		-91		
18		广发期货	512		36		
19		东吴期货	442		-623		
20		南华期货	419		-135		
总计				22,425		-1,714		

名次		会员简称	持买单量	增减		
1		永安期货	5,994		400		
2		瑞达期货	4,386		333		
3		方正中期	4,070		123		
4		南华期货	3,760		-12		
5		中信建投	2,955		200		
6		中财期货	2,923		15		
7		国泰君安	2,640		-534		
8		新湖期货	2,307		30		
9		浙商期货	2,070		88		
10		国海良时	2,001		19		
11		国投安信	1,829		52		
12		中大期货	1,799		76		
13		华泰期货	1,624		99		
14		大越期货	1,540		219		
15		华安期货	1,411		305		
16		广发期货	1,410		295		
17		徽商期货	1,404		207		
18		弘业期货	1,260		234		
19		中国国际	1,156		5		
20		海通期货	1,140		-144		
总计				47,679		2,010		

名次		会员简称	持卖单量	增减		
1		申银万国	10,304		2,277		
2		弘业期货	7,936		-6		
3		国贸期货	4,808		1		
4		国投安信	4,794		582		
5		中银国际	3,100		96		
6		信达期货	2,694		7		
7		永安期货	2,599		-136		
8		中财期货	2,386		185		
9		方正中期	2,218		3		
10		华泰期货	1,953		138		
11		华信期货	1,778		-195		
12		兴业期货	1,653		600		
13		银河期货	1,475		-5		
14		浙商期货	1,344		7		
15		国海良时	1,248		40		
16		天风期货	1,236		42		
17		东证期货	1,216		15		
18		鲁证期货	1,209		-3		
19		东海期货	1,022		0		
20		中信期货	950		-56		
总计				55,923		3,592		



会员类别	总成交量	增减		
期货公司会员	22,425		-1,714		

会员类别	总持买单量	增减		
期货公司会员	47,679		2,010		

会员类别	总持卖单量	增减		
期货公司会员	55,923		3,592		

