								大连商品交易所 成交量_买持仓_卖持仓排名	

合约代码：jm2005		Date：2020-02-19	

			期货公司会员	

名次		会员简称	成交量		增减		
1		东证期货	16,862		1,650		
2		中辉期货	8,324		1,515		
3		国富期货	6,772		93		
4		永安期货	4,433		-268		
5		中信期货	3,695		-31		
6		光大期货	3,656		589		
7		国泰君安	3,000		-1		
8		方正中期	2,807		822		
9		兴证期货	2,658		269		
10		华泰期货	2,411		-56		
11		申银万国	2,329		968		
12		海通期货	2,202		-515		
13		国投安信	2,109		-56		
14		宏源期货	1,896		1,116		
15		华安期货	1,888		-586		
16		银河期货	1,828		1,069		
17		中粮期货	1,805		471		
18		英大期货	1,777		750		
19		徽商期货	1,541		-471		
20		广发期货	1,524		-272		
总计				73,517		7,056		

名次		会员简称	持买单量	增减		
1		永安期货	14,088		2,097		
2		中信期货	8,586		-275		
3		东证期货	8,348		1,028		
4		国富期货	3,841		1,088		
5		华泰期货	3,260		263		
6		中辉期货	3,206		810		
7		兴证期货	3,144		735		
8		海通期货	2,783		655		
9		国泰君安	2,599		149		
10		摩根大通	2,007		285		
11		银河期货	1,900		-617		
12		长江期货	1,859		-2		
13		东吴期货	1,629		246		
14		宏源期货	1,604		-466		
15		申银万国	1,586		256		
16		方正中期	1,538		2		
17		瑞达期货	1,460		21		
18		一德期货	1,290		331		
19		鲁证期货	1,285		-43		
20		东航期货	1,265		93		
总计				67,278		6,656		

名次		会员简称	持卖单量	增减		
1		永安期货	12,223		468		
2		东证期货	8,694		1,090		
3		中信期货	5,509		-1,242		
4		中国国际	5,021		200		
5		中粮期货	4,844		987		
6		银河期货	4,247		69		
7		申银万国	3,653		305		
8		国富期货	3,326		1,108		
9		国投安信	3,170		-175		
10		中辉期货	2,843		1,012		
11		华泰期货	2,596		660		
12		中信建投	2,168		62		
13		国泰君安	1,828		313		
14		浙商期货	1,772		419		
15		建信期货	1,414		22		
16		东海期货	1,276		-501		
17		瑞达期货	1,257		-69		
18		方正中期	1,238		203		
19		光大期货	1,036		-930		
20		平安期货	1,026		210		
总计				69,141		4,211		



会员类别	总成交量	增减		
期货公司会员	73,517		7,056		

会员类别	总持买单量	增减		
期货公司会员	67,278		6,656		

会员类别	总持卖单量	增减		
期货公司会员	69,141		4,211		

