								大连商品交易所 成交量_买持仓_卖持仓排名	

合约代码：l2005		Date：2020-02-13	

			期货公司会员	

名次		会员简称	成交量		增减		
1		东证期货	67,253		7,595		
2		国富期货	28,574		10,270		
3		兴证期货	17,387		1,911		
4		海通期货	8,892		-1,142		
5		国信期货	8,039		3,495		
6		中信期货	7,523		-914		
7		申银万国	6,275		-1,661		
8		永安期货	6,044		3,542		
9		银河期货	5,342		2,203		
10		光大期货	5,303		-301		
11		方正中期	5,090		2,072		
12		华泰期货	4,905		755		
13		弘业期货	3,672		-1,501		
14		国投安信	3,599		-4		
15		华安期货	3,310		868		
16		宏源期货	3,286		1,070		
17		徽商期货	3,279		-179		
18		国泰君安	2,972		448		
19		广发期货	2,867		-337		
20		南华期货	2,736		-207		
总计				196,348		27,983		

名次		会员简称	持买单量	增减		
1		永安期货	35,331		-974		
2		东证期货	18,971		3,464		
3		弘业期货	12,882		-1,283		
4		中信期货	9,789		47		
5		信达期货	8,897		-206		
6		方正中期	8,029		-204		
7		华泰期货	7,996		192		
8		东海期货	7,200		-181		
9		中大期货	6,577		-18		
10		中粮期货	6,267		-75		
11		大地期货	6,196		46		
12		南华期货	5,800		1,604		
13		华安期货	5,662		63		
14		徽商期货	5,447		49		
15		西南期货	5,382		199		
16		国泰君安	5,349		-340		
17		申银万国	5,018		146		
18		中财期货	4,744		-284		
19		浙商期货	4,543		164		
20		国投安信	4,280		-238		
总计				174,360		2,171		

名次		会员简称	持卖单量	增减		
1		华泰期货	26,151		515		
2		中信期货	21,858		-254		
3		申银万国	19,796		-5		
4		国投安信	18,681		-1,061		
5		浙商期货	16,304		65		
6		东证期货	14,043		2,373		
7		方正中期	13,603		-160		
8		中财期货	13,234		-303		
9		银河期货	11,706		-497		
10		光大期货	10,995		11		
11		永安期货	9,964		196		
12		建信期货	7,268		-273		
13		国海良时	7,192		65		
14		兴证期货	7,157		-74		
15		南华期货	7,087		376		
16		瑞达期货	6,069		-586		
17		国泰君安	5,539		354		
18		中银国际	4,674		251		
19		摩根大通	4,603		148		
20		兴业期货	4,303		-673		
总计				230,227		468		



会员类别	总成交量	增减		
期货公司会员	196,348		27,983		

会员类别	总持买单量	增减		
期货公司会员	174,360		2,171		

会员类别	总持卖单量	增减		
期货公司会员	230,227		468		

