								大连商品交易所 成交量_买持仓_卖持仓排名	

合约代码：a2005		Date：2020-02-13	

			期货公司会员	

名次		会员简称	成交量		增减		
1		东证期货	35,389		7,449		
2		中信期货	26,732		11,557		
3		徽商期货	25,388		17,416		
4		国泰君安	22,555		14,042		
5		方正中期	21,270		11,521		
6		华安期货	16,733		9,747		
7		东方财富	14,162		7,943		
8		国富期货	14,065		9,576		
9		华泰期货	13,355		7,474		
10		申银万国	11,930		6,530		
11		海通期货	11,155		6,220		
12		华信期货	9,431		6,638		
13		光大期货	8,221		5,301		
14		宏源期货	7,794		5,237		
15		鲁证期货	7,256		4,845		
16		银河期货	7,099		3,657		
17		东吴期货	6,524		4,859		
18		中辉期货	6,189		4,418		
19		长江期货	6,061		3,721		
20		渤海期货	6,059		4,461		
总计				277,368		152,612		

名次		会员简称	持买单量	增减		
1		浙商期货	10,821		41		
2		永安期货	9,023		-301		
3		中信期货	8,991		192		
4		国投安信	6,137		211		
5		鲁证期货	4,974		256		
6		海通期货	4,405		-59		
7		东证期货	3,296		416		
8		广发期货	2,767		-11		
9		一德期货	2,534		356		
10		兴证期货	2,401		-384		
11		宏源期货	2,237		241		
12		中信建投	2,229		-4		
13		华泰期货	2,116		-154		
14		中财期货	2,082		-7		
15		广州金控	2,054		100		
16		方正中期	2,027		69		
17		银河期货	1,836		-26		
18		国联期货	1,651		-12		
19		大地期货	1,528		161		
20		国泰君安	1,523		-137		
总计				74,632		948		

名次		会员简称	持卖单量	增减		
1		中信期货	7,005		-12		
2		国投安信	5,725		194		
3		永安期货	4,873		-57		
4		中国国际	4,778		-62		
5		东证期货	4,771		-409		
6		五矿经易	4,382		44		
7		光大期货	3,606		-55		
8		广州金控	3,283		-40		
9		渤海期货	3,098		-39		
10		银河期货	2,989		-135		
11		华安期货	2,929		203		
12		鲁证期货	2,816		738		
13		南华期货	2,505		46		
14		国泰君安	2,458		-1,124		
15		东方财富	2,181		-341		
16		宏源期货	2,141		-131		
17		徽商期货	2,098		-270		
18		浙商期货	1,970		132		
19		申银万国	1,814		15		
20		海通期货	1,786		-304		
总计				67,208		-1,607		



会员类别	总成交量	增减		
期货公司会员	277,368		152,612		

会员类别	总持买单量	增减		
期货公司会员	74,632		948		

会员类别	总持卖单量	增减		
期货公司会员	67,208		-1,607		

