								大连商品交易所 成交量_买持仓_卖持仓排名	

合约代码：pp2009		Date：2020-02-19	

			期货公司会员	

名次		会员简称	成交量		增减		
1		东证期货	6,490		-599		
2		方正中期	3,958		2,825		
3		中信期货	3,916		387		
4		永安期货	3,581		1,925		
5		国投安信	3,266		747		
6		信达期货	2,081		1,552		
7		国泰君安	2,057		945		
8		安粮期货	1,935		-458		
9		瑞达期货	1,907		624		
10		国贸期货	1,898		1,821		
11		光大期货	1,871		559		
12		徽商期货	1,846		-299		
13		中大期货	1,828		446		
14		上海大陆	1,664		-1,099		
15		华泰期货	1,645		263		
16		海通期货	1,367		70		
17		银河期货	1,319		715		
18		华安期货	1,297		-204		
19		东吴期货	1,271		-374		
20		国富期货	1,218		-1,400		
总计				46,415		8,446		

名次		会员简称	持买单量	增减		
1		永安期货	6,501		-736		
2		南华期货	4,131		525		
3		方正中期	3,479		-384		
4		中财期货	3,389		143		
5		瑞达期货	3,337		-497		
6		国泰君安	3,023		466		
7		中信建投	2,979		-4		
8		华泰期货	2,837		-65		
9		新湖期货	2,355		26		
10		浙商期货	2,282		201		
11		广发期货	2,155		453		
12		大越期货	2,093		101		
13		安粮期货	1,890		113		
14		国海良时	1,781		-34		
15		中大期货	1,702		17		
16		华金期货	1,479		614		
17		大地期货	1,417		259		
18		鲁证期货	1,309		142		
19		徽商期货	1,254		-113		
20		中国国际	1,134		-4		
总计				50,527		1,223		

名次		会员简称	持卖单量	增减		
1		申银万国	10,758		-139		
2		弘业期货	8,252		-47		
3		国投安信	4,352		-919		
4		永安期货	3,745		769		
5		中银国际	3,507		300		
6		中大期货	3,271		1,023		
7		华泰期货	3,193		-14		
8		中财期货	3,064		99		
9		银河期货	2,834		1,009		
10		信达期货	2,446		1,922		
11		国贸期货	1,786		125		
12		兴业期货	1,650		-3		
13		方正中期	1,623		-952		
14		华信期货	1,609		13		
15		国海良时	1,555		277		
16		东证期货	1,391		18		
17		中信期货	1,388		134		
18		东海期货	1,222		-170		
19		浙商期货	1,191		-164		
20		天风期货	1,134		-127		
总计				59,971		3,154		



会员类别	总成交量	增减		
期货公司会员	46,415		8,446		

会员类别	总持买单量	增减		
期货公司会员	50,527		1,223		

会员类别	总持卖单量	增减		
期货公司会员	59,971		3,154		

