								大连商品交易所 成交量_买持仓_卖持仓排名	

合约代码：j2005		Date：2020-03-02	

			期货公司会员	

名次		会员简称	成交量		增减		
1		东证期货	40,493		1,064		
2		国富期货	26,937		-1,549		
3		光大期货	13,956		867		
4		中信期货	11,907		-986		
5		华泰期货	9,399		-4,297		
6		海通期货	8,359		-6,573		
7		方正中期	7,113		573		
8		国泰君安	6,815		-857		
9		兴证期货	6,615		1,031		
10		平安期货	5,856		2,026		
11		银河期货	5,333		-2,196		
12		永安期货	5,201		-204		
13		申银万国	5,149		-1,271		
14		国投安信	4,643		1,083		
15		徽商期货	4,607		-784		
16		华安期货	4,563		-826		
17		新纪元期货	4,203		-278		
18		一德期货	3,624		2,327		
19		上海东亚	3,522		908		
20		中信建投	3,436		-906		
总计				181,731		-10,848		

名次		会员简称	持买单量	增减		
1		东证期货	11,205		832		
2		中信期货	8,365		502		
3		国富期货	6,590		-2,739		
4		永安期货	6,303		-315		
5		浙商期货	4,873		77		
6		五矿经易	3,428		-20		
7		华泰期货	3,285		-220		
8		海通期货	2,979		-408		
9		广发期货	2,852		-58		
10		一德期货	2,733		-280		
11		国泰君安	2,266		264		
12		光大期货	2,208		-3,235		
13		大越期货	2,038		120		
14		中信建投	2,029		-283		
15		国投安信	1,932		-15		
16		大地期货	1,893		-124		
17		天风期货	1,795		-51		
18		方正中期	1,788		14		
19		招金期货	1,682		-153		
20		金瑞期货	1,613		-155		
总计				71,857		-6,247		

名次		会员简称	持卖单量	增减		
1		东证期货	12,709		605		
2		永安期货	8,199		346		
3		中信期货	7,727		-867		
4		国富期货	6,356		-2,404		
5		银河期货	3,645		-388		
6		华泰期货	3,519		-5,243		
7		一德期货	3,180		1,606		
8		浙商期货	2,620		-176		
9		海通期货	2,619		-735		
10		兴证期货	2,612		-306		
11		中信建投	2,598		-309		
12		五矿经易	2,481		-1,307		
13		方正中期	2,377		51		
14		光大期货	2,342		-3,525		
15		招商期货	2,183		-497		
16		中财期货	1,870		276		
17		申银万国	1,790		253		
18		华安期货	1,593		159		
19		新湖期货	1,361		-319		
20		国泰君安	1,327		-317		
总计				73,108		-13,097		



会员类别	总成交量	增减		
期货公司会员	181,731		-10,848		

会员类别	总持买单量	增减		
期货公司会员	71,857		-6,247		

会员类别	总持卖单量	增减		
期货公司会员	73,108		-13,097		

