								大连商品交易所 成交量_买持仓_卖持仓排名	

合约代码：m2009		Date：2020-03-13	

			期货公司会员	

名次		会员简称	成交量		增减		
1		东证期货	434,313		178,671		
2		国泰君安	146,600		94,426		
3		海通期货	98,798		40,294		
4		中信期货	84,689		38,707		
5		申银万国	74,619		45,371		
6		国富期货	70,220		60,822		
7		华泰期货	69,323		36,237		
8		兴证期货	68,815		9,893		
9		光大期货	64,815		22,179		
10		中粮期货	53,987		6,433		
11		国投安信	46,772		19,546		
12		徽商期货	41,459		21,883		
13		华安期货	40,569		3,225		
14		永安期货	36,945		25,390		
15		一德期货	36,597		20,523		
16		方正中期	26,701		9,295		
17		金瑞期货	26,192		6,521		
18		中国国际	25,583		21,431		
19		银河期货	25,421		9,907		
20		宏源期货	24,894		12,157		
总计				1,497,312	682,911		

名次		会员简称	持买单量	增减		
1		永安期货	72,577		8,034		
2		大越期货	50,620		973		
3		国泰君安	48,700		4,721		
4		宏源期货	48,244		-2,252		
5		银河期货	47,947		2,660		
6		一德期货	47,640		-15,493		
7		国投安信	45,893		8,954		
8		中信期货	44,091		-1,882		
9		大地期货	42,753		275		
10		浙商期货	41,824		325		
11		广发期货	38,790		-663		
12		华泰期货	37,310		-1,296		
13		天风期货	34,952		-77		
14		东证期货	28,116		9,376		
15		方正中期	24,522		1,143		
16		五矿经易	23,072		-932		
17		宝城期货	22,641		-91		
18		海通期货	22,246		2,461		
19		徽商期货	22,192		859		
20		华安期货	21,025		-5,315		
总计				765,155		11,780		

名次		会员简称	持卖单量	增减		
1		中粮期货	342,015		-4,889		
2		国投安信	235,721		5,220		
3		摩根大通	154,461		3,158		
4		银河期货	75,724		-1,921		
5		中信期货	48,977		-2,173		
6		国泰君安	43,744		-1,331		
7		永安期货	42,598		-1,721		
8		广发期货	39,814		-2,658		
9		新湖期货	39,164		-650		
10		一德期货	37,859		-4,042		
11		平安期货	35,766		569		
12		信达期货	24,742		228		
13		华泰期货	23,074		1,845		
14		英大期货	19,693		-85		
15		中国国际	18,724		10,707		
16		格林大华	14,078		-2,039		
17		国富期货	12,676		-365		
18		海证期货	12,459		-2,401		
19		北京首创	11,625		-5,891		
20		南华期货	11,011		-2,470		
总计				1,243,925	-10,909		



会员类别	总成交量	增减		
期货公司会员	1,497,312	682,911		

会员类别	总持买单量	增减		
期货公司会员	765,155		11,780		

会员类别	总持卖单量	增减		
期货公司会员	1,243,925	-10,909		

