								大连商品交易所 成交量_买持仓_卖持仓排名	

合约代码：jd2004		Date：2020-02-14	

			期货公司会员	

名次		会员简称	成交量		增减		
1		东证期货	10,327		2,539		
2		方正中期	6,681		977		
3		东方财富	4,974		1,541		
4		徽商期货	4,765		1,089		
5		华安期货	3,717		254		
6		海通期货	3,205		822		
7		中信建投	2,649		-1,629		
8		申银万国	2,512		-816		
9		西部期货	2,464		171		
10		中信期货	2,207		712		
11		永安期货	1,901		396		
12		国投安信	1,766		1,045		
13		广发期货	1,742		343		
14		国富期货	1,680		319		
15		宏源期货	1,620		-1,418		
16		国信期货	1,559		-49		
17		国泰君安	1,509		-628		
18		美尔雅期货	1,415		-299		
19		银河期货	1,377		491		
20		一德期货	1,369		1,102		
总计				59,439		6,962		

名次		会员简称	持买单量	增减		
1		徽商期货	1,137		0		
2		东方财富	1,133		-26		
3		东证期货	1,124		118		
4		方正中期	1,056		434		
5		大越期货	1,041		-4		
6		中信期货	1,008		185		
7		华安期货	948		214		
8		平安期货	919		384		
9		中信建投	906		82		
10		兴证期货	818		71		
11		华泰期货	775		111		
12		永安期货	764		56		
13		国泰君安	744		74		
14		海通期货	732		123		
15		宏源期货	639		171		
16		浙商期货	600		136		
17		南华期货	574		89		
18		国元期货	572		36		
19		东海期货	509		23		
20		银河期货	481		-27		
总计				16,480		2,250		

名次		会员简称	持卖单量	增减		
1		徽商期货	1,996		279		
2		汇鑫期货	1,583		108		
3		永安期货	1,580		147		
4		方正中期	1,462		-51		
5		宏源期货	1,305		133		
6		一德期货	1,267		803		
7		华泰期货	1,199		39		
8		华安期货	1,126		301		
9		英大期货	993		36		
10		中信期货	986		188		
11		海证期货	710		133		
12		国泰君安	704		205		
13		鲁证期货	689		560		
14		天风期货	689		-14		
15		海通期货	590		-104		
16		中财期货	544		213		
17		银河期货	516		84		
18		江苏东华	509		87		
19		长江期货	497		-104		
20		美尔雅期货	483		171		
总计				19,428		3,214		



会员类别	总成交量	增减		
期货公司会员	59,439		6,962		

会员类别	总持买单量	增减		
期货公司会员	16,480		2,250		

会员类别	总持卖单量	增减		
期货公司会员	19,428		3,214		

