								大连商品交易所 成交量_买持仓_卖持仓排名	

合约代码：j2005		Date：2020-02-13	

			期货公司会员	

名次		会员简称	成交量		增减		
1		东证期货	31,598		-694		
2		国富期货	19,298		-4,471		
3		中信期货	6,738		-2,502		
4		光大期货	5,296		-1,957		
5		国泰君安	5,156		-325		
6		海通期货	5,135		-969		
7		方正中期	3,824		-681		
8		永安期货	3,682		-1,391		
9		弘业期货	3,666		1,764		
10		五矿经易	3,609		2,118		
11		鲁证期货	3,419		-465		
12		华安期货	3,197		-592		
13		徽商期货	2,908		-1,053		
14		银河期货	2,800		-889		
15		华泰期货	2,760		-1,848		
16		瑞达期货	2,658		95		
17		山西三立	2,611		-477		
18		新纪元期货	2,460		-491		
19		申银万国	2,348		-1,778		
20		上海大陆	2,278		359		
总计				115,441		-16,247		

名次		会员简称	持买单量	增减		
1		东证期货	10,245		160		
2		中信期货	8,760		292		
3		永安期货	8,324		-287		
4		国富期货	5,983		-448		
5		华泰期货	4,396		246		
6		海通期货	3,484		-692		
7		浙商期货	3,215		-448		
8		大地期货	3,054		-12		
9		广发期货	2,992		-108		
10		国泰君安	2,599		419		
11		天风期货	2,394		-100		
12		方正中期	2,287		127		
13		光大期货	2,215		62		
14		一德期货	2,210		-125		
15		东海期货	2,096		-96		
16		宝城期货	2,093		67		
17		大越期货	1,992		23		
18		国投安信	1,873		-8		
19		中信建投	1,852		-152		
20		金瑞期货	1,791		-133		
总计				73,855		-1,213		

名次		会员简称	持卖单量	增减		
1		东证期货	9,504		282		
2		中信期货	8,385		-92		
3		国富期货	5,941		-518		
4		永安期货	5,763		683		
5		华泰期货	4,700		-318		
6		鲁证期货	3,582		105		
7		银河期货	3,101		-202		
8		浙商期货	3,093		128		
9		方正中期	2,866		161		
10		中信建投	2,853		20		
11		五矿经易	2,592		106		
12		招商期货	2,444		53		
13		光大期货	2,268		54		
14		海通期货	2,237		481		
15		申银万国	2,203		-112		
16		新纪元期货	2,154		20		
17		国泰君安	2,006		55		
18		一德期货	1,812		74		
19		国投安信	1,756		-15		
20		华安期货	1,742		-56		
总计				71,002		909		



会员类别	总成交量	增减		
期货公司会员	115,441		-16,247		

会员类别	总持买单量	增减		
期货公司会员	73,855		-1,213		

会员类别	总持卖单量	增减		
期货公司会员	71,002		909		

