								大连商品交易所 成交量_买持仓_卖持仓排名	

合约代码：i2009		Date：2020-02-19	

			期货公司会员	

名次		会员简称	成交量		增减		
1		东证期货	32,215		-6,889		
2		国泰君安	19,747		4,588		
3		光大期货	10,978		-6,555		
4		浙商期货	9,774		3,629		
5		中信期货	8,443		-3,556		
6		申银万国	5,249		-4,855		
7		华泰期货	4,531		936		
8		徽商期货	4,229		-3,106		
9		永安期货	4,017		-10,445		
10		国富期货	3,722		1,707		
11		鲁证期货	3,152		-18		
12		中财期货	3,127		-1,831		
13		海通期货	3,012		-3,890		
14		银河期货	2,996		-3,713		
15		混沌天成	2,755		588		
16		一德期货	2,547		-7,771		
17		东吴期货	2,504		-1,940		
18		国信期货	2,408		328		
19		方正中期	2,359		-11,727		
20		天风期货	2,253		-5,827		
总计				130,018		-60,347		

名次		会员简称	持买单量	增减		
1		申银万国	31,321		31		
2		东海期货	16,077		-22		
3		浙商期货	15,947		3,982		
4		银河期货	14,221		337		
5		永安期货	13,976		-231		
6		华泰期货	12,557		-2,709		
7		海证期货	10,369		-252		
8		鲁证期货	9,131		1,952		
9		广发期货	8,850		-48		
10		中信期货	7,371		-365		
11		东兴期货	7,036		815		
12		一德期货	6,754		414		
13		国泰君安	6,032		-72		
14		弘业期货	5,696		20		
15		海通期货	5,566		214		
16		天风期货	4,196		1,995		
17		国海良时	4,016		40		
18		长江期货	3,552		72		
19		招商期货	3,201		6		
20		冠通期货	2,939		8		
总计				188,808		6,187		

名次		会员简称	持卖单量	增减		
1		方正中期	24,674		36		
2		兴证期货	15,524		-113		
3		永安期货	15,341		1,026		
4		中信期货	13,821		200		
5		申银万国	12,581		1,284		
6		五矿经易	11,452		-11		
7		一德期货	8,101		389		
8		东海期货	8,063		643		
9		浙商期货	7,893		392		
10		天风期货	6,304		78		
11		北京首创	6,192		46		
12		江苏东华	6,017		12		
13		宝城期货	5,920		20		
14		国泰君安	5,576		-5,843		
15		银河期货	5,528		413		
16		国富期货	5,403		72		
17		国投安信	4,860		38		
18		弘业期货	4,508		388		
19		中财期货	4,375		1,611		
20		国贸期货	4,370		72		
总计				176,503		753		



会员类别	总成交量	增减		
期货公司会员	130,018		-60,347		

会员类别	总持买单量	增减		
期货公司会员	188,808		6,187		

会员类别	总持卖单量	增减		
期货公司会员	176,503		753		

