								大连商品交易所 成交量_买持仓_卖持仓排名	

合约代码：jd2006		Date：2020-03-13	

			期货公司会员	

名次		会员简称	成交量		增减		
1		方正中期	11,364		2,224		
2		海通期货	10,409		420		
3		光大期货	5,140		850		
4		徽商期货	4,729		-1,009		
5		东方财富	4,244		880		
6		华安期货	3,239		447		
7		中信期货	3,099		575		
8		国泰君安	2,890		484		
9		东证期货	2,626		716		
10		申银万国	2,548		1,308		
11		宏源期货	2,446		-110		
12		招商期货	2,389		265		
13		西部期货	2,155		47		
14		银河期货	1,936		-301		
15		山西三立	1,906		867		
16		华泰期货	1,885		481		
17		中信建投	1,862		-566		
18		国元期货	1,711		607		
19		兴证期货	1,621		714		
20		平安期货	1,600		574		
总计				69,799		9,473		

名次		会员简称	持买单量	增减		
1		华安期货	1,968		160		
2		徽商期货	1,904		228		
3		中信建投	1,751		112		
4		东方财富	1,456		-133		
5		国泰君安	1,243		-251		
6		方正中期	1,056		136		
7		广发期货	1,053		50		
8		申银万国	1,031		336		
9		海通期货	987		103		
10		大有期货	926		212		
11		平安期货	841		97		
12		银河期货	760		46		
13		兴证期货	721		119		
14		民生期货	664		47		
15		华泰期货	662		79		
16		国元期货	644		43		
17		光大期货	644		-233		
18		永安期货	611		71		
19		中信期货	593		8		
20		国信期货	590		32		
总计				20,105		1,262		

名次		会员简称	持卖单量	增减		
1		徽商期货	3,608		539		
2		宏源期货	3,017		-177		
3		方正中期	1,450		98		
4		浙江新世纪	1,449		80		
5		浙商期货	1,317		-27		
6		海通期货	1,277		-44		
7		一德期货	1,228		304		
8		中信建投	1,103		-8		
9		国泰君安	1,094		205		
10		长江期货	963		74		
11		美尔雅期货	888		51		
12		华安期货	884		87		
13		华泰期货	849		-302		
14		永安期货	829		-30		
15		招金期货	805		226		
16		格林大华	727		-39		
17		东航期货	676		12		
18		英大期货	590		142		
19		中辉期货	560		14		
20		中财期货	552		-7		
总计				23,866		1,198		



会员类别	总成交量	增减		
期货公司会员	69,799		9,473		

会员类别	总持买单量	增减		
期货公司会员	20,105		1,262		

会员类别	总持卖单量	增减		
期货公司会员	23,866		1,198		

