								大连商品交易所 成交量_买持仓_卖持仓排名	

合约代码：p2009		Date：2020-03-13	

			期货公司会员	

名次		会员简称	成交量		增减		
1		东证期货	115,360		4,020		
2		光大期货	34,743		10,715		
3		申银万国	23,257		9,634		
4		国元期货	20,449		430		
5		中信期货	18,476		6,536		
6		广发期货	16,307		-15,048		
7		海通期货	15,287		6,188		
8		华泰期货	13,793		-9,727		
9		兴证期货	13,693		-7,219		
10		国富期货	13,439		-2,726		
11		国泰君安	11,480		599		
12		宏源期货	10,682		4,720		
13		华安期货	10,248		-1,432		
14		中粮期货	10,070		-154		
15		永安期货	9,927		554		
16		徽商期货	9,221		-3,256		
17		长江期货	6,827		2,007		
18		浙商期货	6,306		-1,260		
19		方正中期	6,220		3,571		
20		安粮期货	6,036		798		
总计				371,821		8,950		

名次		会员简称	持买单量	增减		
1		永安期货	13,252		3,961		
2		建信期货	12,982		107		
3		中粮期货	10,765		-19		
4		国泰君安	8,872		-2,780		
5		国投安信	6,238		70		
6		浙商期货	6,104		-207		
7		中信期货	5,463		-438		
8		广发期货	4,823		61		
9		华泰期货	4,089		156		
10		信达期货	4,080		-49		
11		招商期货	3,833		128		
12		华安期货	3,732		-937		
13		南华期货	3,101		321		
14		上海中期	2,921		2,556		
15		华信期货	2,800		948		
16		光大期货	2,691		365		
17		徽商期货	2,533		-67		
18		申银万国	2,432		-216		
19		英大期货	2,432		45		
20		宏源期货	2,415		1,014		
总计				105,558		5,019		

名次		会员简称	持卖单量	增减		
1		中粮期货	41,587		1,765		
2		申银万国	18,783		-7,551		
3		建信期货	11,766		1,036		
4		中信期货	9,234		-4,070		
5		弘业期货	7,603		1,324		
6		国投安信	7,156		264		
7		华泰期货	5,116		-53		
8		永安期货	4,398		50		
9		英大期货	3,340		26		
10		格林大华	3,245		1		
11		东证期货	3,055		-430		
12		五矿经易	2,682		422		
13		国富期货	2,538		66		
14		一德期货	2,534		-150		
15		广发期货	2,356		714		
16		平安期货	2,207		442		
17		浙江新世纪	2,139		120		
18		浙商期货	2,026		543		
19		广州金控	1,595		5		
20		华信期货	1,382		-30		
总计				134,742		-5,506		



会员类别	总成交量	增减		
期货公司会员	371,821		8,950		

会员类别	总持买单量	增减		
期货公司会员	105,558		5,019		

会员类别	总持卖单量	增减		
期货公司会员	134,742		-5,506		

