								大连商品交易所 成交量_买持仓_卖持仓排名	

合约代码：i2009		Date：2020-02-13	

			期货公司会员	

名次		会员简称	成交量		增减		
1		东证期货	26,834		1,145		
2		国泰君安	14,725		7,354		
3		光大期货	11,149		-2,892		
4		申银万国	8,622		1,113		
5		中信期货	8,144		-1,893		
6		永安期货	5,383		586		
7		宝城期货	5,282		4,706		
8		海证期货	4,080		2,135		
9		东海期货	3,838		-2,038		
10		徽商期货	3,702		-1,436		
11		海通期货	3,696		-3,198		
12		一德期货	3,500		577		
13		华泰期货	3,284		640		
14		鲁证期货	3,094		1,515		
15		五矿经易	3,069		1,766		
16		浙商期货	2,813		-668		
17		方正中期	2,547		-2,404		
18		银河期货	2,533		-2,455		
19		东吴期货	2,433		193		
20		大越期货	2,401		665		
总计				121,129		5,411		

名次		会员简称	持买单量	增减		
1		申银万国	30,875		308		
2		东海期货	20,231		2,362		
3		华泰期货	19,608		365		
4		五矿经易	13,244		81		
5		国泰君安	11,820		-272		
6		银河期货	11,582		355		
7		海证期货	10,674		-70		
8		鲁证期货	8,070		2,432		
9		永安期货	6,932		306		
10		中信期货	6,811		-46		
11		浙商期货	6,443		1,212		
12		海通期货	3,689		204		
13		国海良时	3,562		31		
14		长江期货	3,505		37		
15		东兴期货	3,101		188		
16		招商期货	3,068		-22		
17		冠通期货	2,988		34		
18		方正中期	2,598		-143		
19		中辉期货	2,385		-74		
20		摩根大通	2,200		200		
总计				173,386		7,488		

名次		会员简称	持卖单量	增减		
1		国泰君安	17,730		10,093		
2		中信期货	16,635		-54		
3		永安期货	13,874		-1,707		
4		兴证期货	11,457		1,169		
5		五矿经易	11,007		-1,886		
6		方正中期	11,006		-360		
7		申银万国	10,507		-2,458		
8		一德期货	9,833		1,441		
9		华泰期货	7,885		-1,441		
10		天风期货	6,782		1,177		
11		北京首创	6,138		-1		
12		东海期货	5,872		-1,030		
13		银河期货	5,866		84		
14		国投安信	5,497		-70		
15		宝城期货	5,176		5,114		
16		国富期货	5,130		119		
17		国贸期货	4,038		288		
18		宏源期货	3,694		145		
19		海通期货	3,406		-66		
20		瑞达期货	3,064		-649		
总计				164,597		9,908		



会员类别	总成交量	增减		
期货公司会员	121,129		5,411		

会员类别	总持买单量	增减		
期货公司会员	173,386		7,488		

会员类别	总持卖单量	增减		
期货公司会员	164,597		9,908		

