								大连商品交易所 成交量_买持仓_卖持仓排名	

合约代码：jd2005		Date：2020-03-13	

			期货公司会员	

名次		会员简称	成交量		增减		
1		海通期货	49,952		5,644		
2		徽商期货	38,677		-8,895		
3		东吴期货	35,805		-10,451		
4		东方财富	33,224		-319		
5		方正中期	31,161		-4,446		
6		国泰君安	29,841		6,048		
7		中信期货	29,580		-752		
8		东证期货	26,707		-2,270		
9		华安期货	26,130		-5,301		
10		宏源期货	23,513		5,114		
11		中信建投	23,486		590		
12		银河期货	22,260		-6,578		
13		华泰期货	21,331		233		
14		广发期货	18,416		2,159		
15		光大期货	16,219		-1,300		
16		山西三立	15,420		-4,274		
17		新纪元期货	14,862		398		
18		永安期货	14,655		-5,456		
19		国富期货	13,942		3,684		
20		申银万国	13,202		-3,406		
总计				498,383		-29,578		

名次		会员简称	持买单量	增减		
1		方正中期	7,821		513		
2		中信期货	7,152		-482		
3		东方财富	6,714		-1,032		
4		国泰君安	6,264		-1,506		
5		中信建投	6,097		-170		
6		徽商期货	5,780		-849		
7		永安期货	5,616		-621		
8		南华期货	4,910		-110		
9		新纪元期货	4,583		-599		
10		银河期货	4,485		-1,373		
11		华安期货	4,255		-1,048		
12		广发期货	4,202		-411		
13		申银万国	3,954		-470		
14		东证期货	3,837		-731		
15		华泰期货	3,764		-465		
16		宏源期货	3,737		-760		
17		长江期货	3,340		-465		
18		弘业期货	3,122		-541		
19		山西三立	2,961		-489		
20		鲁证期货	2,949		-316		
总计				95,543		-11,925		

名次		会员简称	持卖单量	增减		
1		永安期货	10,224		-330		
2		徽商期货	9,262		674		
3		方正中期	8,783		-730		
4		宏源期货	8,193		67		
5		东证期货	5,781		-716		
6		银河期货	5,761		17		
7		浙商期货	5,264		-1,091		
8		国泰君安	5,258		-447		
9		海通期货	5,236		-1,606		
10		华泰期货	4,849		454		
11		华安期货	4,757		-362		
12		中辉期货	4,708		-282		
13		中信期货	4,571		-1,730		
14		格林大华	4,490		-136		
15		美尔雅期货	4,371		-987		
16		中信建投	4,356		-778		
17		汇鑫期货	4,099		-115		
18		宝城期货	3,986		-137		
19		中财期货	3,453		-429		
20		长江期货	3,411		9		
总计				110,813		-8,655		



会员类别	总成交量	增减		
期货公司会员	498,383		-29,578		

会员类别	总持买单量	增减		
期货公司会员	95,543		-11,925		

会员类别	总持卖单量	增减		
期货公司会员	110,813		-8,655		

