								大连商品交易所 成交量_买持仓_卖持仓排名	

合约代码：y2009		Date：2020-02-14	

			期货公司会员	

名次		会员简称	成交量		增减		
1		东证期货	37,450		-7,570		
2		光大期货	11,535		-331		
3		国元期货	5,556		-4,186		
4		申银万国	5,278		-2,661		
5		永安期货	5,167		894		
6		一德期货	4,797		-967		
7		海通期货	4,550		-793		
8		中信期货	4,117		-3,381		
9		招商期货	3,713		-3,347		
10		国富期货	3,006		-483		
11		徽商期货	2,851		-305		
12		金瑞期货	2,280		-408		
13		安粮期货	2,183		-93		
14		银河期货	2,155		302		
15		华安期货	1,958		-1,787		
16		浙商期货	1,876		-675		
17		中粮期货	1,855		-3,848		
18		平安期货	1,853		490		
19		方正中期	1,802		-800		
20		国泰君安	1,794		-361		
总计				105,776		-30,310		

名次		会员简称	持买单量	增减		
1		中粮期货	13,944		331		
2		永安期货	13,663		-80		
3		中信期货	12,306		918		
4		中财期货	11,816		-56		
5		一德期货	9,769		-1,162		
6		东证期货	8,393		188		
7		国投安信	6,485		-197		
8		五矿经易	6,175		-47		
9		光大期货	6,006		-856		
10		创元期货	4,586		-91		
11		信达期货	4,424		-88		
12		鲁证期货	4,360		173		
13		广州金控	4,310		-30		
14		申银万国	4,187		-1,026		
15		安粮期货	3,088		685		
16		浙商期货	2,745		119		
17		徽商期货	2,510		-314		
18		平安期货	2,480		-828		
19		银河期货	2,257		619		
20		国富期货	1,832		5		
总计				125,336		-1,737		

名次		会员简称	持卖单量	增减		
1		中粮期货	33,382		-196		
2		摩根大通	16,957		0		
3		国投安信	11,123		37		
4		永安期货	10,161		1,993		
5		中信期货	9,494		5		
6		国泰君安	8,445		-322		
7		一德期货	7,898		-13		
8		银河期货	7,423		-838		
9		广发期货	7,168		1,041		
10		平安期货	6,918		7		
11		新湖期货	6,098		-19		
12		申银万国	5,838		-110		
13		北京首创	5,722		-5		
14		英大期货	4,850		-8		
15		五矿经易	4,199		-15		
16		东证期货	4,051		-740		
17		中国国际	2,296		168		
18		海通期货	2,267		161		
19		华泰期货	2,054		-250		
20		金瑞期货	1,779		-552		
总计				158,123		344		



会员类别	总成交量	增减		
期货公司会员	105,776		-30,310		

会员类别	总持买单量	增减		
期货公司会员	125,336		-1,737		

会员类别	总持卖单量	增减		
期货公司会员	158,123		344		

