								大连商品交易所 成交量_买持仓_卖持仓排名	

合约代码：m2005		Date：2020-03-02	

			期货公司会员	

名次		会员简称	成交量		增减		
1		东证期货	469,947		122,474		
2		申银万国	194,315		128,183		
3		国泰君安	182,423		28,436		
4		兴证期货	143,194		48,296		
5		国富期货	130,567		68,489		
6		中信期货	118,884		49,255		
7		华泰期货	100,571		48,704		
8		海通期货	84,097		30,514		
9		徽商期货	65,715		39,723		
10		光大期货	60,599		1,487		
11		方正中期	60,596		34,661		
12		银河期货	52,686		16,974		
13		国投安信	50,229		21,456		
14		永安期货	49,031		26,183		
15		格林大华	45,317		27,935		
16		中粮期货	40,312		-11,597		
17		华安期货	35,170		13,271		
18		中信建投	34,674		23,486		
19		东海期货	32,056		17,736		
20		鲁证期货	30,348		13,715		
总计				1,980,731	749,381		

名次		会员简称	持买单量	增减		
1		华泰期货	93,167		43,924		
2		永安期货	70,312		15,446		
3		国投安信	60,126		393		
4		格林大华	51,802		-9,249		
5		广发期货	46,151		1,783		
6		中信期货	45,443		6,019		
7		浙商期货	42,636		-585		
8		一德期货	41,873		-1,168		
9		国泰君安	31,204		-2,862		
10		中粮期货	31,108		1,595		
11		申银万国	29,746		-328		
12		大越期货	27,706		-2,960		
13		银河期货	26,969		-3,746		
14		东证期货	25,896		-2,317		
15		方正中期	24,800		14,235		
16		五矿经易	24,253		-1,261		
17		宝城期货	22,508		982		
18		海通期货	21,490		5,494		
19		大地期货	20,800		209		
20		倍特期货	20,028		5,773		
总计				758,018		71,377		

名次		会员简称	持卖单量	增减		
1		中粮期货	216,936		2,621		
2		国投安信	143,035		-4,606		
3		一德期货	59,704		4,815		
4		鲁证期货	58,144		717		
5		中信期货	56,369		13,367		
6		摩根大通	52,511		-3,666		
7		信达期货	46,962		3,823		
8		国泰君安	46,203		1,619		
9		新湖期货	45,739		695		
10		永安期货	39,332		5,465		
11		银河期货	37,451		2,800		
12		东证期货	31,366		8,140		
13		平安期货	28,891		-97		
14		格林大华	24,435		6,924		
15		中国国际	22,799		14,678		
16		海通期货	22,503		-1,549		
17		兴业期货	20,820		601		
18		南华期货	19,864		407		
19		广发期货	18,950		-2,716		
20		金瑞期货	17,672		1,734		
总计				1,009,686	55,772		



会员类别	总成交量	增减		
期货公司会员	1,980,731	749,381		

会员类别	总持买单量	增减		
期货公司会员	758,018		71,377		

会员类别	总持卖单量	增减		
期货公司会员	1,009,686	55,772		

