								大连商品交易所 成交量_买持仓_卖持仓排名	

合约代码：m2009		Date：2020-02-19	

			期货公司会员	

名次		会员简称	成交量		增减		
1		东证期货	58,690		-16,870		
2		海通期货	19,408		-1,330		
3		华泰期货	15,181		1,709		
4		中信建投	13,444		9,144		
5		光大期货	11,804		-1,313		
6		广发期货	10,930		4,879		
7		永安期货	10,871		1,774		
8		浙商期货	9,256		3,652		
9		海证期货	8,598		777		
10		华安期货	8,088		-9,611		
11		招商期货	7,552		-1,215		
12		中信期货	7,288		-6,359		
13		申银万国	7,214		-2,088		
14		徽商期货	6,291		-2,532		
15		宏源期货	6,171		-3,648		
16		一德期货	5,922		2,686		
17		安粮期货	5,048		1,667		
18		金瑞期货	4,809		1,346		
19		国泰君安	4,728		-576		
20		中国国际	4,550		-297		
总计				225,843		-18,205		

名次		会员简称	持买单量	增减		
1		永安期货	59,187		5,703		
2		一德期货	43,740		3,188		
3		广发期货	43,049		1,473		
4		大地期货	42,671		42		
5		宏源期货	42,390		390		
6		华泰期货	40,450		5,504		
7		浙商期货	40,136		-2,763		
8		国投安信	36,075		498		
9		银河期货	35,343		223		
10		天风期货	32,901		315		
11		大越期货	32,480		1,854		
12		中信期货	28,809		427		
13		宝城期货	26,303		-173		
14		华安期货	24,548		-192		
15		国泰君安	23,351		-274		
16		海通期货	21,866		1,118		
17		新湖期货	20,981		0		
18		南华期货	20,971		783		
19		方正中期	19,981		-154		
20		五矿经易	19,813		966		
总计				655,045		18,928		

名次		会员简称	持卖单量	增减		
1		中粮期货	330,873		-9		
2		国投安信	196,079		-98		
3		摩根大通	108,152		286		
4		银河期货	69,615		113		
5		中信期货	51,376		231		
6		国泰君安	41,841		392		
7		一德期货	40,710		324		
8		新湖期货	36,680		-418		
9		永安期货	36,645		2,242		
10		广发期货	35,152		2,267		
11		平安期货	29,798		268		
12		华泰期货	23,504		2,129		
13		英大期货	19,780		47		
14		北京首创	18,065		315		
15		格林大华	14,160		14		
16		五矿经易	13,709		87		
17		海证期货	13,423		2,957		
18		弘业期货	12,092		273		
19		申银万国	11,457		275		
20		光大期货	10,459		326		
总计				1,113,570	12,021		



会员类别	总成交量	增减		
期货公司会员	225,843		-18,205		

会员类别	总持买单量	增减		
期货公司会员	655,045		18,928		

会员类别	总持卖单量	增减		
期货公司会员	1,113,570	12,021		

