								大连商品交易所 成交量_买持仓_卖持仓排名	

合约代码：i2007		Date：2020-03-03	

			期货公司会员	

名次		会员简称	成交量		增减		
1		方正中期	9,171		2,358		
2		东海期货	3,155		1,175		
3		东证期货	1,924		-1,709		
4		永安期货	1,505		-123		
5		新湖期货	1,359		656		
6		浙商期货	1,304		-68		
7		安粮期货	1,034		489		
8		申银万国	822		-79		
9		锦泰期货	813		8		
10		银河期货	808		-667		
11		南华期货	746		-384		
12		国海良时	707		397		
13		宝城期货	655		-281		
14		中信期货	608		25		
15		国信期货	559		1		
16		弘业期货	548		-27		
17		上海中期	538		-509		
18		国投安信	442		5		
19		宏源期货	428		9		
20		天风期货	376		23		
总计				27,502		1,299		

名次		会员简称	持买单量	增减		
1		道通期货	1,500		0		
2		上海中期	1,500		-244		
3		新湖期货	1,145		6		
4		南华期货	1,024		-151		
5		宝城期货	918		158		
6		永安期货	796		223		
7		中信期货	676		-1		
8		国信期货	563		100		
9		华西期货	478		-23		
10		东证期货	473		226		
11		方正中期	437		21		
12		国投安信	350		18		
13		中粮期货	300		-1		
14		海通期货	292		0		
15		五矿经易	245		14		
16		浙商期货	244		-17		
17		锦泰期货	239		29		
18		银河期货	206		40		
19		东吴期货	200		0		
20		中大期货	193		0		
总计				11,779		398		

名次		会员简称	持卖单量	增减		
1		上海中期	1,514		-222		
2		永安期货	1,254		178		
3		新湖期货	1,041		1		
4		南华期货	1,024		-151		
5		宝城期货	944		159		
6		中信期货	791		7		
7		华西期货	530		52		
8		浙商期货	530		491		
9		海证期货	510		0		
10		恒泰期货	500		24		
11		方正中期	468		32		
12		中钢期货	460		0		
13		国投安信	383		32		
14		华泰期货	369		8		
15		银河期货	348		-28		
16		中粮期货	317		0		
17		广州期货	291		-1		
18		锦泰期货	269		28		
19		东吴期货	262		59		
20		东海期货	218		1		
总计				12,023		670		



会员类别	总成交量	增减		
期货公司会员	27,502		1,299		

会员类别	总持买单量	增减		
期货公司会员	11,779		398		

会员类别	总持卖单量	增减		
期货公司会员	12,023		670		

