								大连商品交易所 成交量_买持仓_卖持仓排名	

合约代码：m2007		Date：2020-03-13	

			期货公司会员	

名次		会员简称	成交量		增减		
1		方正中期	38,117		10,659		
2		东证期货	31,524		15,511		
3		海通期货	15,365		6,064		
4		光大期货	13,791		4,251		
5		新湖期货	10,456		3,109		
6		锦泰期货	7,140		5,547		
7		南华期货	6,660		5,398		
8		中粮期货	5,823		3,781		
9		国海良时	5,227		2,848		
10		华西期货	4,914		2,456		
11		浙商期货	4,390		2,468		
12		迈科期货	3,382		2,218		
13		国投安信	3,206		1,005		
14		弘业期货	3,118		779		
15		银河期货	3,005		1,859		
16		宏源期货	2,899		2,496		
17		上海中期	2,834		1,725		
18		鲁证期货	2,468		805		
19		格林大华	2,397		891		
20		金瑞期货	2,123		924		
总计				168,839		74,794		

名次		会员简称	持买单量	增减		
1		中粮期货	10,520		503		
2		海通期货	8,575		29		
3		上海中期	7,585		-1,406		
4		新湖期货	7,067		4		
5		格林大华	7,009		-6		
6		鲁证期货	5,584		-5		
7		国投安信	5,413		-26		
8		弘业期货	5,389		34		
9		南华期货	5,047		-137		
10		方正中期	4,102		-29		
11		申银万国	4,081		-314		
12		国海良时	2,302		41		
13		浙商期货	2,059		32		
14		东证期货	1,163		-287		
15		迈科期货	672		-69		
16		锦泰期货	647		280		
17		宏源期货	531		183		
18		中大期货	469		355		
19		永安期货	365		194		
20		华泰期货	339		9		
总计				78,919		-615		

名次		会员简称	持卖单量	增减		
1		中粮期货	10,654		510		
2		海通期货	8,497		-28		
3		上海中期	7,552		-1,406		
4		新湖期货	7,014		-4		
5		格林大华	7,000		-3		
6		国投安信	6,110		-22		
7		鲁证期货	5,551		-3		
8		南华期货	5,386		95		
9		弘业期货	4,931		-60		
10		申银万国	4,013		-415		
11		方正中期	3,996		-94		
12		国海良时	2,289		38		
13		国泰君安	2,209		-8		
14		浙商期货	2,030		22		
15		中信期货	1,452		1,226		
16		迈科期货	611		-31		
17		瑞达期货	527		-1		
18		东证期货	446		29		
19		广州金控	415		-35		
20		光大期货	149		-102		
总计				80,832		-292		



会员类别	总成交量	增减		
期货公司会员	168,839		74,794		

会员类别	总持买单量	增减		
期货公司会员	78,919		-615		

会员类别	总持卖单量	增减		
期货公司会员	80,832		-292		

