								大连商品交易所 成交量_买持仓_卖持仓排名	

合约代码：m2005		Date：2020-02-19	

			期货公司会员	

名次		会员简称	成交量		增减		
1		东证期货	161,528		-62,277		
2		海通期货	46,146		12,933		
3		国泰君安	45,558		-41,622		
4		华泰期货	26,769		6,078		
5		兴证期货	26,719		-3,874		
6		国富期货	25,138		-21,196		
7		中粮期货	20,939		-27,887		
8		中信期货	19,945		-8,507		
9		永安期货	17,788		-730		
10		申银万国	17,723		-7,443		
11		徽商期货	16,485		-2,974		
12		宏源期货	16,109		2,534		
13		广发期货	15,325		69		
14		光大期货	15,213		-4,979		
15		中信建投	15,100		7,473		
16		一德期货	14,925		6,763		
17		方正中期	13,948		-4,117		
18		银河期货	11,742		-5,575		
19		格林大华	11,610		-14,187		
20		华安期货	9,973		-12,265		
总计				548,683		-181,783	

名次		会员简称	持买单量	增减		
1		格林大华	59,379		-2,249		
2		华泰期货	55,273		2,359		
3		永安期货	53,517		-1,056		
4		广发期货	51,879		-155		
5		国投安信	51,840		598		
6		一德期货	51,470		406		
7		浙商期货	44,573		258		
8		大越期货	43,507		-3,767		
9		中信期货	42,316		-707		
10		国泰君安	38,108		1,943		
11		申银万国	34,118		-663		
12		东证期货	33,406		889		
13		银河期货	32,446		5		
14		宏源期货	27,373		-616		
15		五矿经易	24,937		98		
16		宝城期货	23,978		-203		
17		中粮期货	23,007		-13,801		
18		新湖期货	22,276		-12		
19		南华期货	21,818		-638		
20		弘业期货	21,330		21		
总计				756,551		-17,290		

名次		会员简称	持卖单量	增减		
1		中粮期货	213,749		-2,008		
2		国投安信	151,773		-2,041		
3		摩根大通	68,858		-2,044		
4		一德期货	63,371		9,783		
5		鲁证期货	59,857		-271		
6		国泰君安	53,436		-1,043		
7		信达期货	52,351		52		
8		新湖期货	50,001		-616		
9		中信期货	43,659		-2,170		
10		永安期货	41,199		232		
11		银河期货	36,462		739		
12		广发期货	32,781		-208		
13		东证期货	32,315		-2,081		
14		平安期货	25,801		334		
15		南华期货	24,885		694		
16		海通期货	24,016		-3,654		
17		兴业期货	20,766		166		
18		金瑞期货	20,185		0		
19		北京金鹏	17,456		-81		
20		格林大华	16,801		-775		
总计				1,049,722	-4,992		



会员类别	总成交量	增减		
期货公司会员	548,683		-181,783	

会员类别	总持买单量	增减		
期货公司会员	756,551		-17,290		

会员类别	总持卖单量	增减		
期货公司会员	1,049,722	-4,992		

