								大连商品交易所 成交量_买持仓_卖持仓排名	

合约代码：c2101		Date：2020-03-02	

			期货公司会员	

名次		会员简称	成交量		增减		
1		南华期货	1,546		1,544		
2		五矿经易	1,007		1,007		
3		东证期货	713		484		
4		方正中期	691		164		
5		中粮期货	655		370		
6		美尔雅期货	382		366		
7		中投期货	315		-311		
8		银河期货	314		247		
9		徽商期货	311		-53		
10		永安期货	281		93		
11		华安期货	235		129		
12		华鑫期货	230		88		
13		上海中期	224		148		
14		安粮期货	181		136		
15		国金期货	175		-13		
16		宏源期货	170		27		
17		国投安信	154		17		
18		汇鑫期货	144		54		
19		申银万国	123		99		
20		海证期货	116		5		
总计				7,967		4,601		

名次		会员简称	持买单量	增减		
1		华泰期货	3,194		1		
2		南华期货	1,544		1,543		
3		中信期货	910		-11		
4		方正中期	453		66		
5		永安期货	306		-19		
6		银河期货	280		219		
7		中粮期货	278		87		
8		国信期货	250		-17		
9		华安期货	211		27		
10		国海良时	184		4		
11		华鑫期货	174		-39		
12		徽商期货	163		34		
13		国泰君安	157		35		
14		国金期货	136		65		
15		安粮期货	132		-151		
16		中原期货	128		2		
17		国投安信	120		-3		
18		山金期货	120		0		
19		招商期货	114		-8		
20		海证期货	105		0		
总计				8,959		1,835		

名次		会员简称	持卖单量	增减		
1		华泰期货	2,899		4		
2		平安期货	1,108		0		
3		五矿经易	1,005		1,005		
4		东证期货	969		-708		
5		永安期货	657		96		
6		中粮期货	638		554		
7		申银万国	320		100		
8		广发期货	225		14		
9		国投安信	201		145		
10		建信期货	151		40		
11		大连良运	142		22		
12		华安期货	142		108		
13		华鑫期货	124		25		
14		招商期货	123		-14		
15		中投期货	118		19		
16		海证期货	113		74		
17		中州期货	101		40		
18		方正中期	82		67		
19		国泰君安	81		41		
20		国富期货	80		80		
总计				9,279		1,712		



会员类别	总成交量	增减		
期货公司会员	7,967		4,601		

会员类别	总持买单量	增减		
期货公司会员	8,959		1,835		

会员类别	总持卖单量	增减		
期货公司会员	9,279		1,712		

