								大连商品交易所 成交量_买持仓_卖持仓排名	

合约代码：c2003		Date：2020-02-13	

			期货公司会员	

名次		会员简称	成交量		增减		
1		国投安信	5,635		5,632		
2		永安期货	2,963		2,640		
3		东证期货	984		-416		
4		瑞达期货	684		-397		
5		鲁证期货	541		124		
6		摩根大通	515		515		
7		中国国际	401		400		
8		中信期货	214		-319		
9		海通期货	146		-367		
10		广发期货	123		105		
11		浙商期货	100		83		
12		兴证期货	83		38		
13		天风期货	80		48		
14		创元期货	72		-28		
15		徽商期货	68		-256		
16		银河期货	59		-74		
17		平安期货	57		21		
18		华安期货	46		34		
19		上海中期	38		-15		
20		安粮期货	36		36		
总计				12,845		7,804		

名次		会员简称	持买单量	增减		
1		国投安信	9,528		-3,631		
2		徽商期货	5,489		-16		
3		永安期货	5,258		491		
4		华泰期货	1,408		5		
5		鲁证期货	1,332		-217		
6		海通期货	1,019		-60		
7		中大期货	666		0		
8		西部期货	563		0		
9		中信期货	369		157		
10		方正中期	227		3		
11		银河期货	124		-35		
12		中衍期货	123		23		
13		浙商期货	117		100		
14		兴证期货	95		-74		
15		广发期货	77		58		
16		东证期货	50		-162		
17		安粮期货	40		32		
18		国泰君安	38		20		
19		平安期货	36		1		
20		大地期货	34		0		
总计				26,593		-3,305		

名次		会员简称	持卖单量	增减		
1		金瑞期货	10,824		0		
2		广州金控	3,059		0		
3		华泰期货	2,510		-1		
4		摩根大通	1,305		-515		
5		鲁证期货	1,244		-252		
6		中国国际	900		400		
7		国投安信	844		-2,000		
8		一德期货	800		0		
9		中大期货	661		4		
10		中粮期货	563		0		
11		浙商期货	543		0		
12		永安期货	471		-822		
13		国联期货	450		0		
14		国泰君安	417		-1		
15		宏源期货	300		0		
16		前海期货	300		0		
17		中财期货	300		0		
18		方正中期	262		-1		
19		西部期货	202		0		
20		山金期货	170		0		
总计				26,125		-3,188		



会员类别	总成交量	增减		
期货公司会员	12,845		7,804		

会员类别	总持买单量	增减		
期货公司会员	26,593		-3,305		

会员类别	总持卖单量	增减		
期货公司会员	26,125		-3,188		

