								大连商品交易所 成交量_买持仓_卖持仓排名	

合约代码：b2004		Date：2020-03-02	

			期货公司会员	

名次		会员简称	成交量		增减		
1		弘业期货	4,000		1,154		
2		华泰期货	1,865		-8,122		
3		光大期货	1,471		-1,881		
4		方正中期	562		-12,282		
5		广发期货	258		240		
6		中信期货	162		-738		
7		东证期货	123		123		
8		中粮期货	121		87		
9		迈科期货	110		80		
10		宏源期货	109		4		
11		永安期货	109		-3,819		
12		国富期货	78		-5,026		
13		国泰君安	69		41		
14		五矿经易	65		-1,991		
15		建信期货	64		-32		
16		中融汇信	55		-125		
17		海通期货	44		-4,884		
18		兴证期货	38		29		
19		国贸期货	37		-52		
20		国元期货	37		37		
总计				9,377		-37,157		

名次		会员简称	持买单量	增减		
1		金瑞期货	3,962		0		
2		五矿经易	3,322		-65		
3		永安期货	2,070		70		
4		国投安信	1,568		-1		
5		迈科期货	657		-110		
6		方正中期	177		-69		
7		中州期货	150		0		
8		渤海期货	107		-18		
9		弘业期货	83		-2,000		
10		国海良时	63		0		
11		中原期货	55		0		
12		国富期货	46		0		
13		华泰期货	41		-13		
14		东证期货	32		-122		
15		南华期货	31		0		
16		中粮期货	30		30		
17		新湖期货	27		27		
18		国泰君安	26		22		
19		上海中期	22		1		
20		申银万国	19		0		
总计				12,488		-2,248		

名次		会员简称	持卖单量	增减		
1		金瑞期货	3,994		0		
2		五矿经易	3,263		0		
3		永安期货	2,000		-37		
4		国投安信	1,568		0		
5		摩根大通	600		0		
6		国元期货	199		13		
7		方正中期	153		-69		
8		渤海期货	107		0		
9		国贸期货	100		18		
10		中信建投	100		-22		
11		弘业期货	83		-2,000		
12		华泰期货	63		2		
13		国海良时	63		0		
14		广发期货	54		54		
15		中原期货	50		0		
16		国富期货	46		0		
17		南华期货	36		-1		
18		宏源期货	25		-25		
19		上海中期	21		-1		
20		申银万国	19		-7		
总计				12,544		-2,075		



会员类别	总成交量	增减		
期货公司会员	9,377		-37,157		

会员类别	总持买单量	增减		
期货公司会员	12,488		-2,248		

会员类别	总持卖单量	增减		
期货公司会员	12,544		-2,075		

