								大连商品交易所 成交量_买持仓_卖持仓排名	

合约代码：y2009		Date：2020-03-13	

			期货公司会员	

名次		会员简称	成交量		增减		
1		东证期货	115,456		28,700		
2		光大期货	34,017		4,358		
3		国元期货	21,009		7,799		
4		申银万国	20,530		7,287		
5		中信期货	17,245		4,627		
6		海通期货	15,108		6,210		
7		华安期货	13,700		-558		
8		国泰君安	12,820		2,251		
9		兴证期货	12,216		-3,721		
10		中粮期货	11,659		-3,906		
11		中财期货	9,658		7,162		
12		永安期货	9,640		2,892		
13		招商期货	9,424		5,370		
14		五矿经易	8,622		6,380		
15		国信期货	8,311		7,307		
16		国投安信	8,163		3,975		
17		华信期货	7,492		6,068		
18		一德期货	7,376		5,222		
19		金瑞期货	7,093		2,882		
20		广发期货	6,345		-12,571		
总计				355,884		87,734		

名次		会员简称	持买单量	增减		
1		中粮期货	36,171		4,695		
2		永安期货	15,201		104		
3		申银万国	12,914		-4,820		
4		一德期货	9,283		-2,425		
5		中信期货	9,086		-3,861		
6		信达期货	8,791		-37		
7		银河期货	6,683		-215		
8		国泰君安	5,744		851		
9		东证期货	5,559		1,322		
10		格林大华	5,448		147		
11		国投安信	5,090		1,458		
12		华泰期货	4,213		348		
13		中财期货	4,139		-6,638		
14		鲁证期货	3,820		420		
15		南华期货	3,787		483		
16		光大期货	3,613		-170		
17		金瑞期货	3,509		39		
18		广发期货	3,154		780		
19		方正中期	3,032		301		
20		弘业期货	2,798		561		
总计				152,035		-6,657		

名次		会员简称	持卖单量	增减		
1		中粮期货	48,905		3,112		
2		摩根大通	33,650		1,167		
3		国投安信	19,437		-1,675		
4		中信期货	11,238		-1,794		
5		永安期货	11,152		-348		
6		一德期货	9,781		-1,233		
7		平安期货	8,744		-77		
8		国泰君安	8,431		-973		
9		银河期货	7,995		-239		
10		安粮期货	6,879		-529		
11		广发期货	6,839		-1,665		
12		新湖期货	6,287		-183		
13		申银万国	5,088		154		
14		英大期货	4,903		3		
15		北京首创	4,314		-867		
16		鲁证期货	4,032		-758		
17		华泰期货	3,346		347		
18		海通期货	3,264		-767		
19		国富期货	3,212		-268		
20		五矿经易	2,971		-2,509		
总计				210,468		-9,102		



会员类别	总成交量	增减		
期货公司会员	355,884		87,734		

会员类别	总持买单量	增减		
期货公司会员	152,035		-6,657		

会员类别	总持卖单量	增减		
期货公司会员	210,468		-9,102		

