								大连商品交易所 成交量_买持仓_卖持仓排名	

合约代码：c2005		Date：2020-02-13	

			期货公司会员	

名次		会员简称	成交量		增减		
1		东证期货	47,976		-16,033		
2		国泰君安	35,594		-22,104		
3		天风期货	18,594		-18,032		
4		中信期货	10,790		384		
5		永安期货	8,827		-7,348		
6		广州金控	8,701		7,614		
7		宏源期货	8,030		5,097		
8		国富期货	6,433		-5,054		
9		银河期货	6,202		-5,661		
10		金瑞期货	5,699		2,521		
11		徽商期货	5,461		-9,744		
12		国投安信	4,867		1,869		
13		申银万国	4,810		-1,733		
14		光大期货	4,672		-4,138		
15		国贸期货	3,898		2,519		
16		海通期货	3,655		-299		
17		安粮期货	3,446		-19,513		
18		兴证期货	3,436		-2,990		
19		华泰期货	3,428		-1,629		
20		中投期货	3,427		2,745		
总计				197,946		-91,529		

名次		会员简称	持买单量	增减		
1		永安期货	148,942		-773		
2		五矿经易	27,955		-250		
3		国泰君安	23,195		2,831		
4		东证期货	21,987		4		
5		中信期货	21,038		-1,350		
6		建信期货	19,146		-29		
7		中粮期货	15,198		93		
8		中信建投	15,052		298		
9		方正中期	14,315		617		
10		海通期货	13,586		828		
11		国投安信	11,367		-148		
12		广发期货	9,960		775		
13		新湖期货	9,790		-242		
14		光大期货	9,130		-205		
15		银河期货	9,065		-2,167		
16		华泰期货	8,291		13		
17		广州金控	8,180		-357		
18		华安期货	6,671		-363		
19		东吴期货	6,302		244		
20		摩根大通	6,175		130		
总计				405,345		-51		

名次		会员简称	持卖单量	增减		
1		中信期货	100,648		958		
2		中粮期货	50,879		-364		
3		永安期货	45,448		1,346		
4		东证期货	40,171		-2,562		
5		国投安信	37,207		-3,401		
6		兴业期货	24,045		38		
7		中国国际	23,608		-31		
8		华泰期货	16,898		-79		
9		光大期货	14,440		1,273		
10		金瑞期货	13,588		-2,865		
11		银河期货	12,023		1,551		
12		摩根大通	11,297		-864		
13		国贸期货	10,171		-95		
14		大有期货	10,052		10		
15		中辉期货	9,977		381		
16		新湖期货	8,262		-74		
17		浙商期货	7,988		1,744		
18		北京首创	6,645		-170		
19		信达期货	6,586		-85		
20		国泰君安	6,321		-829		
总计				456,254		-4,118		



会员类别	总成交量	增减		
期货公司会员	197,946		-91,529		

会员类别	总持买单量	增减		
期货公司会员	405,345		-51		

会员类别	总持卖单量	增减		
期货公司会员	456,254		-4,118		

