								大连商品交易所 成交量_买持仓_卖持仓排名	

合约代码：m2007		Date：2020-02-14	

			期货公司会员	

名次		会员简称	成交量		增减		
1		方正中期	15,395		-4,275		
2		东证期货	10,708		-2,171		
3		海通期货	4,540		-461		
4		新湖期货	4,299		227		
5		国海良时	4,202		970		
6		弘业期货	4,179		378		
7		锦泰期货	3,151		278		
8		鲁证期货	2,939		-2,320		
9		浙商期货	2,874		-4,698		
10		光大期货	2,220		-2,161		
11		国元期货	2,178		1,357		
12		南华期货	1,607		-2,729		
13		格林大华	1,598		-3,848		
14		银河期货	1,570		-4,447		
15		中粮期货	1,557		-3,968		
16		上海中期	1,543		-1,894		
17		申银万国	1,406		-1,791		
18		海证期货	818		-347		
19		国信期货	736		-445		
20		金瑞期货	725		-1,494		
总计				68,245		-33,839		

名次		会员简称	持买单量	增减		
1		上海中期	8,837		6		
2		南华期货	7,954		790		
3		鲁证期货	7,668		28		
4		新湖期货	7,042		5		
5		国投安信	5,442		17		
6		方正中期	5,066		6		
7		格林大华	4,620		-311		
8		弘业期货	2,507		1,250		
9		中粮期货	2,159		711		
10		海通期货	2,073		-3		
11		申银万国	2,026		-12		
12		国海良时	1,845		142		
13		银河期货	943		-26		
14		迈科期货	771		34		
15		东证期货	517		153		
16		福能期货	302		28		
17		广发期货	301		26		
18		国泰君安	270		-1		
19		美尔雅期货	250		1		
20		北京首创	202		0		
总计				60,795		2,844		

名次		会员简称	持卖单量	增减		
1		上海中期	8,831		15		
2		南华期货	7,680		785		
3		鲁证期货	7,624		-1		
4		新湖期货	7,542		306		
5		国投安信	5,194		15		
6		方正中期	5,050		11		
7		格林大华	4,570		-311		
8		弘业期货	2,472		1,231		
9		中粮期货	2,123		708		
10		申银万国	2,022		-10		
11		海通期货	2,020		-5		
12		国海良时	1,831		142		
13		兴证期货	1,609		0		
14		永安期货	1,049		0		
15		迈科期货	675		-4		
16		宏源期货	565		-2		
17		中信期货	516		5		
18		广州金控	410		0		
19		摩根大通	400		0		
20		锦泰期货	336		125		
总计				62,519		3,010		



会员类别	总成交量	增减		
期货公司会员	68,245		-33,839		

会员类别	总持买单量	增减		
期货公司会员	60,795		2,844		

会员类别	总持卖单量	增减		
期货公司会员	62,519		3,010		

