								大连商品交易所 成交量_买持仓_卖持仓排名	

合约代码：pp2005		Date：2020-03-13	

			期货公司会员	

名次		会员简称	成交量		增减		
1		东证期货	174,935		31,220		
2		中信期货	69,721		17,381		
3		国富期货	57,148		15,669		
4		海通期货	44,001		8,451		
5		国泰君安	36,900		14,630		
6		华泰期货	32,797		5,214		
7		永安期货	28,670		10,751		
8		银河期货	25,182		15,427		
9		徽商期货	22,371		1,738		
10		华安期货	22,125		2,031		
11		弘业期货	18,856		7,489		
12		方正中期	18,855		4,761		
13		鲁证期货	18,086		-1,050		
14		东吴期货	17,928		8,321		
15		光大期货	17,840		6,460		
16		申银万国	15,267		5,606		
17		宏源期货	15,027		4,167		
18		南华期货	14,997		4,848		
19		国投安信	14,942		6,235		
20		中信建投	14,405		5,699		
总计				680,053		175,048		

名次		会员简称	持买单量	增减		
1		永安期货	28,900		1,821		
2		中信期货	15,748		7,959		
3		国投安信	15,477		1,255		
4		弘业期货	9,073		600		
5		国泰君安	8,963		-126		
6		南华期货	7,260		32		
7		东证期货	7,092		85		
8		国信期货	6,283		-189		
9		银河期货	6,144		170		
10		建信期货	5,614		-2,217		
11		华泰期货	5,083		510		
12		中信建投	4,795		-5,894		
13		东海期货	4,704		-431		
14		鲁证期货	4,703		504		
15		浙商期货	4,615		108		
16		方正中期	4,337		216		
17		徽商期货	4,214		311		
18		申银万国	4,139		-404		
19		大地期货	4,120		-169		
20		北京首创	3,959		1,360		
总计				155,223		5,501		

名次		会员简称	持卖单量	增减		
1		永安期货	29,515		1,421		
2		申银万国	22,060		-795		
3		浙商期货	12,117		-3,068		
4		中信期货	11,159		592		
5		宝城期货	9,142		4,199		
6		东证期货	9,065		1,590		
7		国泰君安	8,971		114		
8		银河期货	8,385		-5,796		
9		华泰期货	8,188		11		
10		瑞达期货	6,143		-296		
11		中大期货	5,454		248		
12		南华期货	5,107		-809		
13		方正中期	4,529		-445		
14		一德期货	3,817		-478		
15		广州期货	3,707		338		
16		中财期货	3,653		204		
17		华金期货	3,642		1,142		
18		长江期货	3,423		210		
19		华安期货	3,323		-486		
20		国投安信	3,297		787		
总计				164,697		-1,317		



会员类别	总成交量	增减		
期货公司会员	680,053		175,048		

会员类别	总持买单量	增减		
期货公司会员	155,223		5,501		

会员类别	总持卖单量	增减		
期货公司会员	164,697		-1,317		

