								大连商品交易所 成交量_买持仓_卖持仓排名	

合约代码：l2005		Date：2020-03-02	

			期货公司会员	

名次		会员简称	成交量		增减		
1		东证期货	120,016		-23,669		
2		国富期货	31,203		-20,321		
3		兴证期货	30,871		-7,703		
4		海通期货	18,538		-6,466		
5		申银万国	11,540		-2,936		
6		银河期货	11,323		-3,831		
7		中信期货	10,128		-3,635		
8		光大期货	9,846		-2,950		
9		方正中期	9,834		-1,248		
10		招商期货	9,612		-3,489		
11		国泰君安	8,210		211		
12		国信期货	7,512		-1,153		
13		华泰期货	7,345		94		
14		国投安信	7,342		1,452		
15		永安期货	4,852		-2,059		
16		宏源期货	4,425		-2,037		
17		一德期货	3,705		2,820		
18		南华期货	3,641		-2,026		
19		建信期货	3,428		1,402		
20		长江期货	3,370		-1,853		
总计				316,741		-79,397		

名次		会员简称	持买单量	增减		
1		永安期货	30,585		-237		
2		东证期货	14,114		-166		
3		弘业期货	12,176		-578		
4		南华期货	10,543		-971		
5		方正中期	8,324		-1,194		
6		信达期货	8,168		-7		
7		中信期货	7,874		129		
8		东海期货	7,676		-164		
9		华泰期货	7,313		875		
10		申银万国	6,309		-926		
11		浙商期货	5,967		-198		
12		大地期货	5,799		-239		
13		中大期货	5,682		57		
14		中财期货	5,486		-526		
15		广发期货	5,013		-237		
16		中粮期货	4,984		105		
17		国投安信	4,847		615		
18		徽商期货	4,535		-33		
19		中信建投	4,410		2,075		
20		国泰君安	4,393		10		
总计				164,198		-1,610		

名次		会员简称	持卖单量	增减		
1		华泰期货	24,432		-312		
2		申银万国	21,335		1,274		
3		中信期货	20,532		65		
4		国投安信	18,142		-1,803		
5		浙商期货	17,267		-114		
6		中财期货	11,512		134		
7		永安期货	11,425		-125		
8		银河期货	11,002		-680		
9		方正中期	10,508		626		
10		光大期货	9,629		-194		
11		东证期货	8,953		-1,774		
12		瑞达期货	6,409		-140		
13		国海良时	6,328		-131		
14		南华期货	6,152		678		
15		建信期货	5,968		-613		
16		国泰君安	5,957		-738		
17		兴证期货	4,973		-155		
18		海通期货	4,510		453		
19		兴业期货	4,309		-183		
20		中粮期货	3,888		428		
总计				213,231		-3,304		



会员类别	总成交量	增减		
期货公司会员	316,741		-79,397		

会员类别	总持买单量	增减		
期货公司会员	164,198		-1,610		

会员类别	总持卖单量	增减		
期货公司会员	213,231		-3,304		

