								大连商品交易所 成交量_买持仓_卖持仓排名	

合约代码：v2009		Date：2020-02-19	

			期货公司会员	

名次		会员简称	成交量		增减		
1		东证期货	6,998		1,597		
2		永安期货	1,336		1,172		
3		中财期货	892		465		
4		浙商期货	813		111		
5		鲁证期货	719		676		
6		中国国际	693		389		
7		中天期货	652		400		
8		汇鑫期货	638		575		
9		金瑞期货	620		242		
10		中信期货	558		-300		
11		中大期货	544		535		
12		广发期货	526		339		
13		海通期货	518		262		
14		国元期货	486		-28		
15		华闻期货	478		470		
16		华安期货	413		32		
17		中辉期货	377		101		
18		申银万国	377		30		
19		华泰期货	364		-1		
20		安粮期货	355		-142		
总计				18,357		6,925		

名次		会员简称	持买单量	增减		
1		永安期货	11,823		722		
2		东证期货	1,952		876		
3		信达期货	1,930		13		
4		鲁证期货	1,372		252		
5		先锋期货	1,353		153		
6		中信期货	1,252		-1		
7		国投安信	1,163		-15		
8		广州期货	1,095		134		
9		中大期货	1,006		-6		
10		中财期货	997		-299		
11		中国国际	928		-134		
12		中信建投	854		96		
13		瑞达期货	786		-6		
14		天风期货	776		273		
15		上海大陆	757		-16		
16		大越期货	753		27		
17		大地期货	721		94		
18		华安期货	721		42		
19		徽商期货	649		10		
20		一德期货	645		-157		
总计				31,533		2,058		

名次		会员简称	持卖单量	增减		
1		永安期货	9,039		550		
2		中信期货	5,392		-195		
3		中大期货	2,312		494		
4		国投安信	2,219		-9		
5		大地期货	1,867		205		
6		中财期货	1,649		445		
7		东证期货	1,439		152		
8		银河期货	1,217		-5		
9		国贸期货	1,171		281		
10		瑞达期货	1,022		0		
11		华金期货	956		0		
12		浙商期货	863		382		
13		宏源期货	725		39		
14		中粮期货	702		294		
15		鲁证期货	682		153		
16		国海良时	649		45		
17		华泰期货	638		91		
18		东吴期货	604		14		
19		前海期货	601		16		
20		方正中期	589		7		
总计				34,336		2,959		



会员类别	总成交量	增减		
期货公司会员	18,357		6,925		

会员类别	总持买单量	增减		
期货公司会员	31,533		2,058		

会员类别	总持卖单量	增减		
期货公司会员	34,336		2,959		

