								大连商品交易所 成交量_买持仓_卖持仓排名	

合约代码：y2101		Date：2020-03-03	

			期货公司会员	

名次		会员简称	成交量		增减		
1		东证期货	3,505		3,440		
2		国元期货	1,497		488		
3		中原期货	1,353		1,332		
4		冠通期货	896		796		
5		安粮期货	717		452		
6		五矿经易	681		181		
7		中粮期货	644		5		
8		银河期货	421		312		
9		东航期货	378		335		
10		一德期货	278		277		
11		中投期货	232		222		
12		北京金鹏	224		216		
13		美尔雅期货	212		209		
14		平安期货	208		188		
15		锦泰期货	207		207		
16		先锋期货	196		188		
17		北京首创	187		-3		
18		东吴期货	157		136		
19		中信期货	156		123		
20		华金期货	134		84		
总计				12,283		9,188		

名次		会员简称	持买单量	增减		
1		五矿经易	6,000		500		
2		东证期货	5,015		3,447		
3		中财期货	5,002		0		
4		中原期货	726		703		
5		广发期货	617		11		
6		华泰期货	489		-1		
7		创元期货	429		5		
8		英大期货	219		21		
9		中州期货	215		2		
10		徽商期货	187		2		
11		中粮期货	169		39		
12		锦泰期货	147		141		
13		新湖期货	135		81		
14		国信期货	125		53		
15		招商期货	123		2		
16		中信期货	105		5		
17		宝城期货	97		10		
18		大有期货	91		21		
19		中国国际	88		6		
20		广州金控	80		0		
总计				20,059		5,048		

名次		会员简称	持卖单量	增减		
1		一德期货	4,648		242		
2		安粮期货	3,481		701		
3		广发期货	2,644		0		
4		国元期货	1,469		636		
5		中信期货	1,314		101		
6		上海中期	1,298		1		
7		中粮期货	1,203		601		
8		中原期货	650		650		
9		华泰期货	615		26		
10		银河期货	432		413		
11		宏源期货	347		60		
12		东航期货	238		206		
13		金瑞期货	224		0		
14		北京金鹏	224		224		
15		平安期货	208		188		
16		浙商期货	176		38		
17		冠通期货	160		120		
18		东证期货	151		38		
19		国投安信	137		110		
20		中投期货	133		131		
总计				19,752		4,486		



会员类别	总成交量	增减		
期货公司会员	12,283		9,188		

会员类别	总持买单量	增减		
期货公司会员	20,059		5,048		

会员类别	总持卖单量	增减		
期货公司会员	19,752		4,486		

