								大连商品交易所 成交量_买持仓_卖持仓排名	

合约代码：pp2005		Date：2020-02-14	

			期货公司会员	

名次		会员简称	成交量		增减		
1		东证期货	70,357		7,113		
2		国富期货	29,265		7,515		
3		中信期货	21,915		-684		
4		海通期货	16,804		787		
5		华安期货	14,331		481		
6		华泰期货	13,574		2,999		
7		国泰君安	13,157		1,105		
8		永安期货	12,634		1,903		
9		徽商期货	11,835		-932		
10		方正中期	11,377		1,921		
11		申银万国	9,259		-937		
12		南华期货	8,292		21		
13		银河期货	7,544		817		
14		弘业期货	7,256		2,270		
15		东航期货	7,154		387		
16		东方财富	6,905		503		
17		国投安信	6,834		-556		
18		金瑞期货	6,822		4,808		
19		光大期货	6,701		1,872		
20		中财期货	6,652		2,981		
总计				288,668		34,374		

名次		会员简称	持买单量	增减		
1		永安期货	29,900		-883		
2		方正中期	20,223		99		
3		国投安信	13,136		-905		
4		新湖期货	12,622		-335		
5		中信期货	12,413		-562		
6		中信建投	12,067		-9		
7		申银万国	11,745		-21		
8		弘业期货	10,672		-291		
9		东证期货	10,527		-858		
10		银河期货	10,353		-202		
11		西南期货	10,109		193		
12		华泰期货	9,685		94		
13		中大期货	7,842		-1,113		
14		南华期货	7,826		-396		
15		浙商期货	7,704		148		
16		徽商期货	7,630		-395		
17		瑞达期货	6,897		-133		
18		北京首创	6,722		-156		
19		兴业期货	6,536		-706		
20		大地期货	5,906		-76		
总计				220,515		-6,507		

名次		会员简称	持卖单量	增减		
1		永安期货	41,103		1,111		
2		申银万国	24,174		-1,196		
3		中信期货	23,281		-173		
4		华泰期货	14,120		-2,164		
5		浙商期货	13,553		-998		
6		银河期货	13,458		468		
7		国泰君安	12,950		-3,564		
8		东证期货	11,540		-397		
9		瑞达期货	10,193		332		
10		南华期货	9,773		-164		
11		中银国际	9,487		439		
12		方正中期	8,503		394		
13		中财期货	6,568		-187		
14		国投安信	6,425		-181		
15		东吴期货	6,297		-304		
16		倍特期货	5,891		-494		
17		招商期货	5,816		-254		
18		浙江新世纪	5,160		268		
19		建信期货	5,044		398		
20		广发期货	4,996		262		
总计				238,332		-6,404		



会员类别	总成交量	增减		
期货公司会员	288,668		34,374		

会员类别	总持买单量	增减		
期货公司会员	220,515		-6,507		

会员类别	总持卖单量	增减		
期货公司会员	238,332		-6,404		

