								大连商品交易所 成交量_买持仓_卖持仓排名	

合约代码：l2005		Date：2020-03-13	

			期货公司会员	

名次		会员简称	成交量		增减		
1		东证期货	178,567		46,184		
2		国富期货	48,911		11,835		
3		兴证期货	40,677		10,220		
4		海通期货	22,556		-6,626		
5		申银万国	18,757		3,507		
6		国投安信	18,310		9,002		
7		银河期货	15,778		4,804		
8		中信期货	15,226		3,581		
9		光大期货	14,072		3,134		
10		国泰君安	12,922		6,220		
11		方正中期	10,710		3,230		
12		招商期货	9,857		-1,768		
13		南华期货	9,683		920		
14		五矿经易	9,641		8,375		
15		华泰期货	8,294		809		
16		永安期货	7,701		4,445		
17		中信建投	7,629		5,636		
18		长江期货	6,568		1,876		
19		宏源期货	6,471		494		
20		国信期货	5,743		-39		
总计				468,073		115,839		

名次		会员简称	持买单量	增减		
1		永安期货	24,127		914		
2		南华期货	12,221		-155		
3		东证期货	10,586		242		
4		弘业期货	9,543		-342		
5		申银万国	7,034		-232		
6		方正中期	6,618		-953		
7		东海期货	6,439		95		
8		广发期货	6,340		110		
9		中信期货	5,958		-571		
10		浙商期货	5,776		263		
11		中大期货	5,749		65		
12		大地期货	5,563		72		
13		中粮期货	4,726		-430		
14		华泰期货	4,659		52		
15		华金期货	4,516		173		
16		信达期货	4,403		1		
17		华安期货	3,995		70		
18		国泰君安	3,903		89		
19		金瑞期货	3,618		649		
20		徽商期货	3,332		-200		
总计				139,106		-88		

名次		会员简称	持卖单量	增减		
1		华泰期货	17,549		-106		
2		申银万国	16,237		-2,281		
3		中信期货	15,944		-1,129		
4		国投安信	14,965		200		
5		永安期货	14,787		-77		
6		浙商期货	12,103		-926		
7		中财期货	8,600		-1,006		
8		银河期货	8,221		-450		
9		东证期货	7,741		253		
10		方正中期	7,134		-991		
11		光大期货	6,594		-622		
12		瑞达期货	6,419		900		
13		南华期货	5,784		290		
14		兴证期货	4,660		1,268		
15		华信期货	4,134		613		
16		建信期货	4,053		-315		
17		海通期货	3,862		1,011		
18		招商期货	3,531		1,197		
19		国海良时	3,474		-217		
20		兴业期货	3,459		-1,099		
总计				169,251		-3,487		



会员类别	总成交量	增减		
期货公司会员	468,073		115,839		

会员类别	总持买单量	增减		
期货公司会员	139,106		-88		

会员类别	总持卖单量	增减		
期货公司会员	169,251		-3,487		

