								大连商品交易所 成交量_买持仓_卖持仓排名	

合约代码：m2101		Date：2020-03-03	

			期货公司会员	

名次		会员简称	成交量		增减		
1		方正中期	2,975		-2,271		
2		中粮期货	2,698		-1,237		
3		国元期货	1,453		-1,858		
4		东证期货	1,047		654		
5		中原期货	1,035		1,009		
6		海通期货	828		-504		
7		先锋期货	708		421		
8		迈科期货	705		-434		
9		宏源期货	699		-541		
10		光大期货	695		-820		
11		中信期货	641		-598		
12		美尔雅期货	634		-241		
13		华信期货	582		-253		
14		华安期货	517		-333		
15		徽商期货	457		-737		
16		长江期货	424		-365		
17		华鑫期货	399		-135		
18		中信建投	360		121		
19		银河期货	360		7		
20		东航期货	321		-149		
总计				17,538		-8,264		

名次		会员简称	持买单量	增减		
1		广发期货	4,359		-7		
2		格林大华	4,083		214		
3		华鑫期货	2,140		50		
4		长江期货	1,818		37		
5		金元期货	1,815		13		
6		徽商期货	1,512		8		
7		永安期货	1,427		-12		
8		国贸期货	1,266		45		
9		中信期货	1,135		-38		
10		金石期货	1,021		2		
11		上海中期	922		-7		
12		申银万国	879		39		
13		国投安信	741		-9		
14		中国国际	638		9		
15		华安期货	599		-50		
16		中原期货	574		506		
17		银河期货	508		4		
18		光大期货	474		7		
19		方正中期	469		86		
20		中信建投	467		18		
总计				26,847		915		

名次		会员简称	持卖单量	增减		
1		中粮期货	6,712		2,550		
2		中信期货	5,564		-197		
3		弘业期货	2,476		10		
4		安粮期货	1,960		-8		
5		南华期货	1,535		-75		
6		鲁证期货	1,276		-23		
7		方正中期	1,146		209		
8		国投安信	1,065		30		
9		广发期货	1,019		-103		
10		长江期货	938		-29		
11		华泰期货	804		-26		
12		美尔雅期货	769		-74		
13		一德期货	744		-64		
14		银河期货	735		-110		
15		平安期货	732		-116		
16		国泰君安	724		-92		
17		东证期货	690		-139		
18		瑞达期货	636		-20		
19		申银万国	545		-16		
20		中辉期货	535		-48		
总计				30,605		1,659		



会员类别	总成交量	增减		
期货公司会员	17,538		-8,264		

会员类别	总持买单量	增减		
期货公司会员	26,847		915		

会员类别	总持卖单量	增减		
期货公司会员	30,605		1,659		

