								大连商品交易所 成交量_买持仓_卖持仓排名	

合约代码：y2101		Date：2020-03-13	

			期货公司会员	

名次		会员简称	成交量		增减		
1		一德期货	2,370		1,286		
2		中财期货	1,024		429		
3		国元期货	986		-438		
4		五矿经易	913		559		
5		上海中期	843		-79		
6		东证期货	550		-3,092		
7		中投期货	506		-48		
8		华安期货	419		-169		
9		中粮期货	394		-3,470		
10		新湖期货	389		-406		
11		海通期货	324		-75		
12		冠通期货	292		-646		
13		弘业期货	235		93		
14		锦泰期货	225		111		
15		国金期货	210		-44		
16		申银万国	186		-13		
17		金瑞期货	183		180		
18		长江期货	169		111		
19		东航期货	168		59		
20		方正中期	166		109		
总计				10,552		-5,543		

名次		会员简称	持买单量	增减		
1		中财期货	7,115		-1,006		
2		五矿经易	6,102		-447		
3		新湖期货	1,885		-365		
4		东证期货	1,168		-508		
5		广发期货	883		27		
6		华泰期货	729		4		
7		中原期货	651		1		
8		上海中期	219		198		
9		华安期货	219		-40		
10		徽商期货	215		-4		
11		中州期货	215		-1		
12		中信期货	192		21		
13		招商期货	186		7		
14		弘业期货	154		21		
15		英大期货	151		-14		
16		宝城期货	140		-2		
17		永安期货	125		21		
18		混沌天成	121		13		
19		国联期货	119		56		
20		锦泰期货	117		-225		
总计				20,706		-2,243		

名次		会员简称	持卖单量	增减		
1		中粮期货	8,267		282		
2		广发期货	2,501		0		
3		摩根大通	2,422		0		
4		一德期货	2,380		-2,335		
5		中信期货	2,000		0		
6		国投安信	1,097		1		
7		华泰期货	795		31		
8		中原期货	650		0		
9		银河期货	364		9		
10		华金期货	312		0		
11		国富期货	270		40		
12		东证期货	265		4		
13		海证期货	222		6		
14		弘业期货	214		140		
15		安粮期货	200		-1		
16		上海中期	164		-593		
17		金瑞期货	150		-170		
18		浙商期货	121		23		
19		南华期货	107		-144		
20		中投期货	97		94		
总计				22,598		-2,613		



会员类别	总成交量	增减		
期货公司会员	10,552		-5,543		

会员类别	总持买单量	增减		
期货公司会员	20,706		-2,243		

会员类别	总持卖单量	增减		
期货公司会员	22,598		-2,613		

