								大连商品交易所 成交量_买持仓_卖持仓排名	

合约代码：cs2005		Date：2020-03-02	

			期货公司会员	

名次		会员简称	成交量		增减		
1		东证期货	45,882		312		
2		海通期货	10,623		2,480		
3		兴证期货	9,519		-9,671		
4		中粮期货	7,397		5,066		
5		国泰君安	7,041		-388		
6		中信期货	6,619		56		
7		国富期货	5,050		1,352		
8		广发期货	4,961		7		
9		华泰期货	4,543		2,161		
10		申银万国	4,113		-347		
11		方正中期	3,867		803		
12		浙商期货	3,733		1,379		
13		国贸期货	3,358		-533		
14		徽商期货	3,100		-367		
15		国投安信	3,022		1,278		
16		东吴期货	2,816		1,709		
17		银河期货	2,746		926		
18		天风期货	2,686		-7,484		
19		北京首创	2,671		574		
20		南华期货	2,518		1,424		
总计				136,265		737		

名次		会员简称	持买单量	增减		
1		东证期货	8,782		-2,186		
2		瑞达期货	6,793		-260		
3		光大期货	6,720		-249		
4		中信期货	5,259		-543		
5		华安期货	4,800		-209		
6		上海大陆	4,073		-853		
7		永安期货	3,920		-310		
8		浙商期货	3,029		-3,268		
9		中信建投	2,869		-51		
10		华泰期货	2,790		1,071		
11		徽商期货	2,621		-290		
12		广发期货	2,572		-3,211		
13		国投安信	2,548		58		
14		中粮期货	2,116		216		
15		东海期货	2,041		-521		
16		海通期货	1,929		1,250		
17		金瑞期货	1,742		-587		
18		南华期货	1,688		-321		
19		国泰君安	1,685		-26		
20		国贸期货	1,582		-713		
总计				69,559		-11,003		

名次		会员简称	持卖单量	增减		
1		中信期货	16,376		-1,032		
2		国泰君安	11,289		2,889		
3		摩根大通	5,585		-419		
4		兴证期货	5,126		-565		
5		东证期货	4,563		1,026		
6		国投安信	3,928		2,394		
7		华泰期货	3,893		-1,118		
8		永安期货	3,420		-291		
9		国贸期货	2,974		-201		
10		国信期货	2,429		-817		
11		中金期货	2,332		-1		
12		中信建投	2,221		-1,512		
13		宏源期货	1,844		-906		
14		五矿经易	1,738		1,113		
15		银河期货	1,726		-974		
16		国富期货	1,625		43		
17		中粮期货	1,618		941		
18		徽商期货	1,479		12		
19		海通期货	1,426		-975		
20		方正中期	1,227		-1,067		
总计				76,819		-1,460		



会员类别	总成交量	增减		
期货公司会员	136,265		737		

会员类别	总持买单量	增减		
期货公司会员	69,559		-11,003		

会员类别	总持卖单量	增减		
期货公司会员	76,819		-1,460		

