								大连商品交易所 成交量_买持仓_卖持仓排名	

合约代码：c2007		Date：2020-03-13	

			期货公司会员	

名次		会员简称	成交量		增减		
1		东证期货	7,355		-5,557		
2		方正中期	5,652		-1,314		
3		西部期货	4,997		1,352		
4		光大期货	4,707		333		
5		国投安信	3,943		-4,206		
6		中信期货	2,972		-1,121		
7		锦泰期货	2,945		-2,219		
8		海通期货	2,888		-1,191		
9		天风期货	2,361		-1,281		
10		中大期货	2,132		70		
11		新湖期货	2,108		-363		
12		格林大华	2,012		-544		
13		浙商期货	1,964		-2,896		
14		申银万国	1,897		-796		
15		弘业期货	1,893		-2,105		
16		瑞达期货	1,754		842		
17		永安期货	1,294		-971		
18		冠通期货	1,204		-2,044		
19		鲁证期货	1,108		-1,472		
20		国元期货	717		423		
总计				55,903		-25,060		

名次		会员简称	持买单量	增减		
1		中信期货	9,024		10		
2		东证期货	7,919		304		
3		格林大华	6,002		-18		
4		新湖期货	5,032		-59		
5		申银万国	5,025		-2		
6		鲁证期货	4,960		10		
7		中大期货	4,357		54		
8		方正中期	4,176		-679		
9		瑞达期货	3,973		0		
10		海通期货	3,624		1		
11		弘业期货	3,098		-7		
12		国投安信	2,790		32		
13		国海良时	2,020		17		
14		浙商期货	1,071		-31		
15		国贸期货	606		606		
16		一德期货	585		300		
17		东吴期货	484		-5		
18		华泰期货	383		5		
19		永安期货	353		-19		
20		华信期货	350		50		
总计				65,832		569		

名次		会员简称	持卖单量	增减		
1		东证期货	7,859		283		
2		国投安信	7,784		25		
3		格林大华	6,002		-18		
4		新湖期货	5,227		11		
5		申银万国	5,038		-1		
6		鲁证期货	4,941		0		
7		中大期货	4,350		54		
8		方正中期	4,096		-671		
9		瑞达期货	3,980		-10		
10		海通期货	3,578		1		
11		弘业期货	3,092		-8		
12		中信期货	2,986		-26		
13		光大期货	2,050		1,999		
14		国海良时	2,044		0		
15		永安期货	1,335		-19		
16		浙商期货	1,072		-11		
17		银河期货	553		301		
18		东吴期货	480		0		
19		兴证期货	410		0		
20		华金期货	410		-100		
总计				67,287		1,810		



会员类别	总成交量	增减		
期货公司会员	55,903		-25,060		

会员类别	总持买单量	增减		
期货公司会员	65,832		569		

会员类别	总持卖单量	增减		
期货公司会员	67,287		1,810		

