								大连商品交易所 成交量_买持仓_卖持仓排名	

合约代码：a2005		Date：20200311	

			期货公司会员	

名次		会员简称	成交量		增减		
1		东证期货	11,165		-11,989		
2		华泰期货	11,090		-5,542		
3		中信期货	9,941		-6,298		
4		国富期货	7,565		-8,223		
5		华安期货	6,036		-4,138		
6		徽商期货	5,557		-5,901		
7		海通期货	5,185		-3,815		
8		东方财富	4,716		-3,067		
9		国泰君安	4,109		-4,829		
10		方正中期	4,052		-4,744		
11		金瑞期货	3,212		-616		
12		申银万国	2,916		-1,781		
13		北京首创	2,857		-266		
14		永安期货	2,726		-2,129		
15		鲁证期货	2,536		-328		
16		中信建投	2,535		-342		
17		光大期货	2,351		-290		
18		一德期货	2,346		-2,732		
19		广州期货	2,254		-1,955		
20		国投安信	2,234		-2,522		
总计				95,383		-71,507		

名次		会员简称	持买单量	增减		
1		浙商期货	11,525		-12		
2		国投安信	9,329		1,000		
3		永安期货	6,984		-382		
4		鲁证期货	6,753		-945		
5		中信期货	6,029		-555		
6		一德期货	4,554		551		
7		海通期货	4,295		-390		
8		北京首创	3,614		109		
9		东证期货	3,181		122		
10		南华期货	2,854		466		
11		方正中期	2,609		4		
12		广发期货	2,495		-28		
13		华泰期货	2,163		-352		
14		国联期货	2,065		-23		
15		银河期货	2,041		179		
16		国泰君安	1,976		-81		
17		兴证期货	1,973		-631		
18		中财期货	1,838		-58		
19		徽商期货	1,596		62		
20		渤海期货	1,502		21		
总计				79,376		-943		

名次		会员简称	持卖单量	增减		
1		东证期货	6,623		-95		
2		中信期货	5,166		174		
3		国投安信	4,980		12		
4		中国国际	4,819		10		
5		光大期货	4,726		-768		
6		广州金控	3,631		39		
7		鲁证期货	3,367		53		
8		华安期货	3,285		51		
9		渤海期货	3,165		-139		
10		永安期货	2,729		520		
11		南华期货	2,643		-424		
12		东方财富	2,594		-14		
13		中信建投	2,402		445		
14		五矿经易	2,312		-733		
15		招商期货	2,289		33		
16		徽商期货	2,285		279		
17		一德期货	2,164		309		
18		申银万国	2,015		-57		
19		浙商期货	1,959		-85		
20		福能期货	1,655		-33		
总计				64,809		-423		



会员类别	总成交量	增减		
期货公司会员	95,383		-71,507		

会员类别	总持买单量	增减		
期货公司会员	79,376		-943		

会员类别	总持卖单量	增减		
期货公司会员	64,809		-423		

