								大连商品交易所 成交量_买持仓_卖持仓排名	

合约代码：pp2009		Date：2020-03-13	

			期货公司会员	

名次		会员简称	成交量		增减		
1		东证期货	28,632		2,744		
2		国富期货	14,643		5,256		
3		中信期货	10,452		2,659		
4		海通期货	9,086		2,919		
5		新湖期货	8,023		5,842		
6		永安期货	7,981		3,136		
7		中信建投	7,080		6,411		
8		徽商期货	6,356		683		
9		方正中期	5,822		1,360		
10		光大期货	5,377		956		
11		国投安信	5,100		1,278		
12		上海大陆	4,958		1,214		
13		华安期货	4,940		1,083		
14		华泰期货	4,764		351		
15		国泰君安	4,562		756		
16		南华期货	3,988		1,036		
17		五矿经易	3,951		2,750		
18		东吴期货	3,900		83		
19		弘业期货	3,495		2,112		
20		申银万国	3,493		1,811		
总计				146,603		44,440		

名次		会员简称	持买单量	增减		
1		永安期货	14,311		-553		
2		新湖期货	9,643		6,985		
3		华泰期货	5,755		-183		
4		南华期货	4,170		322		
5		瑞达期货	3,974		113		
6		西南期货	3,787		0		
7		建信期货	3,646		-373		
8		广发期货	3,408		2,083		
9		鲁证期货	3,357		370		
10		国投安信	3,212		688		
11		大地期货	2,944		29		
12		浙商期货	2,871		12		
13		国泰君安	2,738		-325		
14		中财期货	2,615		-492		
15		方正中期	2,591		-153		
16		中大期货	2,568		93		
17		中信期货	2,434		87		
18		中粮期货	2,261		83		
19		中银国际	2,232		824		
20		徽商期货	2,168		197		
总计				80,685		9,807		

名次		会员简称	持卖单量	增减		
1		申银万国	14,143		1,588		
2		永安期货	7,807		2,284		
3		弘业期货	7,183		673		
4		华泰期货	7,062		1,333		
5		国投安信	6,186		-1,298		
6		银河期货	4,483		22		
7		前海期货	3,864		260		
8		中信期货	3,134		723		
9		北京首创	2,981		557		
10		大地期货	2,655		1,537		
11		国金期货	2,428		407		
12		浙商期货	2,413		241		
13		上海中期	2,326		14		
14		中财期货	2,233		9		
15		方正中期	2,221		843		
16		东证期货	2,210		1		
17		英大期货	2,210		1,816		
18		国泰君安	2,189		1,257		
19		天风期货	2,137		270		
20		光大期货	2,058		371		
总计				81,923		12,908		



会员类别	总成交量	增减		
期货公司会员	146,603		44,440		

会员类别	总持买单量	增减		
期货公司会员	80,685		9,807		

会员类别	总持卖单量	增减		
期货公司会员	81,923		12,908		

