								大连商品交易所 成交量_买持仓_卖持仓排名	

合约代码：p2005		Date：2020-03-02	

			期货公司会员	

名次		会员简称	成交量		增减		
1		东证期货	488,243		-131,339	
2		国泰君安	118,645		-101,662	
3		申银万国	78,948		-40,142		
4		兴证期货	70,577		-79,806		
5		中信期货	59,932		-22,065		
6		国富期货	59,869		-20,576		
7		海通期货	52,703		-20,570		
8		光大期货	49,322		-49,300		
9		华泰期货	33,644		-16,421		
10		徽商期货	31,497		-53,130		
11		华闻期货	31,151		-36,323		
12		东方财富	30,677		-29,394		
13		华安期货	28,849		-28,622		
14		银河期货	28,330		-28,113		
15		永安期货	26,144		-32,708		
16		方正中期	25,302		-22,881		
17		国投安信	21,327		-11,391		
18		金瑞期货	19,864		-26,023		
19		中粮期货	17,216		-14,583		
20		浙商期货	17,034		-19,203		
总计				1,289,274	-784,252	

名次		会员简称	持买单量	增减		
1		申银万国	23,967		-844		
2		中粮期货	18,597		-877		
3		中信期货	18,257		-1,098		
4		银河期货	17,728		-1,195		
5		东证期货	17,463		10,278		
6		永安期货	16,131		-3,121		
7		国富期货	13,061		-1,331		
8		五矿经易	11,784		7,233		
9		浙商期货	10,350		-58		
10		一德期货	9,170		-867		
11		国泰君安	7,156		-726		
12		光大期货	6,637		-1,174		
13		方正中期	6,441		-1,043		
14		华泰期货	6,162		915		
15		海通期货	5,906		3,360		
16		国投安信	5,680		-1,034		
17		东方财富	5,322		-1,863		
18		徽商期货	4,936		-1,162		
19		广发期货	4,645		30		
20		中信建投	4,246		-1,176		
总计				213,639		4,247		

名次		会员简称	持卖单量	增减		
1		中粮期货	26,619		869		
2		国投安信	22,405		1,479		
3		银河期货	18,853		635		
4		国富期货	17,638		460		
5		永安期货	14,350		-7,705		
6		中信期货	14,221		-1,674		
7		一德期货	11,973		3,092		
8		华泰期货	11,173		1,919		
9		东证期货	10,490		-2,729		
10		建信期货	9,437		2,860		
11		华安期货	9,151		2,364		
12		申银万国	8,394		246		
13		国泰君安	8,013		-2,781		
14		弘业期货	6,524		1,452		
15		鲁证期货	5,930		1,575		
16		安粮期货	5,796		1,581		
17		五矿经易	5,281		179		
18		摩根大通	5,070		500		
19		浙商期货	4,896		322		
20		海通期货	4,863		-4,017		
总计				221,077		627		



会员类别	总成交量	增减		
期货公司会员	1,289,274	-784,252	

会员类别	总持买单量	增减		
期货公司会员	213,639		4,247		

会员类别	总持卖单量	增减		
期货公司会员	221,077		627		

