								大连商品交易所 成交量_买持仓_卖持仓排名	

合约代码：eg2009		Date：2020-03-03	

			期货公司会员	

名次		会员简称	成交量		增减		
1		东证期货	3,346		-746		
2		国贸期货	2,295		2,231		
3		中信期货	2,260		943		
4		中融汇信	2,001		2,001		
5		国富期货	1,772		-168		
6		平安期货	1,692		-445		
7		方正中期	1,683		647		
8		东吴期货	1,305		240		
9		徽商期货	1,109		557		
10		海通期货	969		-551		
11		中原期货	886		718		
12		海证期货	712		514		
13		华泰期货	706		368		
14		华金期货	663		241		
15		永安期货	634		307		
16		申银万国	532		51		
17		南华期货	467		194		
18		长江期货	464		335		
19		安粮期货	422		-222		
20		东航期货	419		124		
总计				24,337		7,339		

名次		会员简称	持买单量	增减		
1		通惠期货	7,487		0		
2		华泰期货	2,637		0		
3		新湖期货	1,954		-3		
4		国泰君安	1,798		-6		
5		永安期货	1,594		13		
6		方正中期	1,447		295		
7		中信期货	1,328		-55		
8		银河期货	1,222		172		
9		国投安信	1,215		41		
10		天风期货	1,185		-101		
11		广发期货	1,006		66		
12		招商期货	943		-52		
13		宝城期货	913		-2		
14		南华期货	890		-48		
15		东证期货	878		53		
16		长城期货	788		105		
17		平安期货	704		-29		
18		东海期货	668		11		
19		中粮期货	625		21		
20		东吴期货	578		132		
总计				29,860		613		

名次		会员简称	持卖单量	增减		
1		银河期货	3,635		-1		
2		国贸期货	3,507		2,195		
3		中信期货	3,219		285		
4		中银国际	2,573		0		
5		永安期货	1,861		291		
6		中融汇信	1,791		-1,999		
7		申银万国	1,682		6		
8		上海中期	1,545		58		
9		格林大华	1,431		0		
10		天风期货	1,165		0		
11		东证期货	962		67		
12		浙商期货	928		-7		
13		中原期货	889		410		
14		方正中期	787		-130		
15		东海期货	768		81		
16		海证期货	760		18		
17		东吴期货	757		35		
18		国元期货	739		-3		
19		新湖期货	721		125		
20		华信期货	698		70		
总计				30,418		1,501		



会员类别	总成交量	增减		
期货公司会员	24,337		7,339		

会员类别	总持买单量	增减		
期货公司会员	29,860		613		

会员类别	总持卖单量	增减		
期货公司会员	30,418		1,501		

