								大连商品交易所 成交量_买持仓_卖持仓排名	

合约代码：b2005		Date：2020-02-19	

			期货公司会员	

名次		会员简称	成交量		增减		
1		东证期货	11,118		18		
2		渤海期货	3,950		925		
3		国投安信	3,315		154		
4		海通期货	2,896		-84		
5		五矿经易	2,874		1,576		
6		永安期货	2,352		84		
7		国富期货	2,069		-309		
8		华泰期货	1,894		-66		
9		金瑞期货	1,261		-439		
10		中信期货	1,255		-438		
11		兴证期货	1,220		-1,688		
12		光大期货	1,189		-951		
13		南华期货	1,149		-273		
14		华安期货	967		-361		
15		中财期货	942		277		
16		东方财富	891		190		
17		徽商期货	889		-621		
18		国泰君安	868		-466		
19		东吴期货	838		-153		
20		国海良时	824		-354		
总计				42,761		-2,979		

名次		会员简称	持买单量	增减		
1		五矿经易	4,871		-4		
2		金瑞期货	4,501		-23		
3		渤海期货	4,306		454		
4		申银万国	3,336		133		
5		东证期货	1,466		157		
6		国投安信	1,316		339		
7		海通期货	1,267		27		
8		国海良时	1,084		-70		
9		信达期货	956		25		
10		光大期货	952		104		
11		徽商期货	844		51		
12		兴证期货	780		124		
13		银河期货	749		89		
14		德盛期货	707		92		
15		方正中期	700		7		
16		迈科期货	654		41		
17		东海期货	582		11		
18		国泰君安	567		29		
19		福能期货	566		4		
20		中信期货	560		-128		
总计				30,764		1,462		

名次		会员简称	持卖单量	增减		
1		国投安信	5,793		280		
2		五矿经易	5,129		8		
3		金瑞期货	4,532		-8		
4		渤海期货	3,818		302		
5		摩根大通	2,431		800		
6		申银万国	1,833		74		
7		南华期货	1,386		-116		
8		中信期货	1,347		-109		
9		中天期货	1,337		147		
10		华安期货	1,252		37		
11		宏源期货	1,151		22		
12		海通期货	1,122		-13		
13		银河期货	1,042		-11		
14		光大期货	1,014		51		
15		北京首创	922		1		
16		倍特期货	438		14		
17		中辉期货	380		278		
18		广发期货	358		48		
19		华泰期货	349		41		
20		国泰君安	331		95		
总计				35,965		1,941		



会员类别	总成交量	增减		
期货公司会员	42,761		-2,979		

会员类别	总持买单量	增减		
期货公司会员	30,764		1,462		

会员类别	总持卖单量	增减		
期货公司会员	35,965		1,941		

