								大连商品交易所 成交量_买持仓_卖持仓排名	

合约代码：jd2005		Date：2020-02-13	

			期货公司会员	

名次		会员简称	成交量		增减		
1		东证期货	100,450		13,459		
2		徽商期货	55,182		5,661		
3		中信期货	41,180		8,915		
4		东方财富	40,571		7,401		
5		国泰君安	35,677		6,076		
6		方正中期	35,096		7,794		
7		华安期货	33,837		221		
8		国富期货	32,234		2,048		
9		华泰期货	28,308		388		
10		海通期货	27,486		-2,397		
11		中信建投	25,569		1,886		
12		宏源期货	24,268		2,010		
13		申银万国	22,295		2,522		
14		永安期货	20,552		1,571		
15		东吴期货	19,086		2,303		
16		银河期货	15,902		-1,782		
17		安粮期货	15,534		2,183		
18		广发期货	15,517		333		
19		平安期货	15,435		5,566		
20		南华期货	14,679		4,760		
总计				618,858		70,918		

名次		会员简称	持买单量	增减		
1		中信期货	10,823		1,683		
2		徽商期货	8,944		877		
3		永安期货	8,401		264		
4		国泰君安	8,370		150		
5		方正中期	8,344		939		
6		华泰期货	7,267		604		
7		广发期货	7,251		16		
8		东方财富	6,516		310		
9		华安期货	6,389		200		
10		东证期货	6,330		-186		
11		南华期货	6,177		234		
12		中信建投	5,970		173		
13		新纪元期货	5,966		12		
14		银河期货	5,851		207		
15		创元期货	4,889		-315		
16		海通期货	4,874		838		
17		长江期货	4,871		248		
18		申银万国	4,791		187		
19		光大期货	4,684		152		
20		平安期货	4,365		554		
总计				131,073		7,147		

名次		会员简称	持卖单量	增减		
1		方正中期	13,970		1,459		
2		永安期货	13,892		116		
3		徽商期货	11,236		27		
4		宏源期货	11,175		581		
5		中信期货	9,562		-123		
6		国泰君安	8,040		-233		
7		华泰期货	7,809		-154		
8		华安期货	7,374		-65		
9		海通期货	7,313		-564		
10		招金期货	6,831		-297		
11		长江期货	6,658		430		
12		东证期货	5,827		230		
13		中信建投	5,696		-134		
14		格林大华	5,665		-338		
15		中辉期货	5,430		1,040		
16		鲁证期货	5,167		81		
17		美尔雅期货	5,074		293		
18		银河期货	5,043		179		
19		汇鑫期货	4,830		468		
20		宝城期货	4,478		281		
总计				151,070		3,277		



会员类别	总成交量	增减		
期货公司会员	618,858		70,918		

会员类别	总持买单量	增减		
期货公司会员	131,073		7,147		

会员类别	总持卖单量	增减		
期货公司会员	151,070		3,277		

