								大连商品交易所 成交量_买持仓_卖持仓排名	

合约代码：p2009		Date：2020-03-02	

			期货公司会员	

名次		会员简称	成交量		增减		
1		东证期货	71,879		-32,000		
2		光大期货	16,081		-10,013		
3		兴证期货	12,443		-17,742		
4		国泰君安	9,422		3,195		
5		华泰期货	8,974		-3,534		
6		中信期货	8,848		-3,368		
7		华安期货	8,455		-1,688		
8		国元期货	7,889		-7,216		
9		申银万国	6,726		-6,365		
10		海通期货	6,632		-1,254		
11		国富期货	5,984		-4,719		
12		永安期货	5,207		-404		
13		中粮期货	5,112		-10,546		
14		金瑞期货	4,705		-530		
15		建信期货	4,344		162		
16		安粮期货	4,250		1,911		
17		一德期货	3,852		-3,363		
18		徽商期货	3,828		-2,072		
19		长江期货	3,008		-1,794		
20		浙商期货	2,801		154		
总计				200,440		-101,186	

名次		会员简称	持买单量	增减		
1		中粮期货	7,733		142		
2		国投安信	7,700		83		
3		国富期货	7,255		1,139		
4		建信期货	7,191		-52		
5		华安期货	6,944		1,658		
6		广发期货	6,041		-424		
7		浙商期货	5,898		-1,401		
8		永安期货	5,747		186		
9		安粮期货	5,685		1,880		
10		一德期货	4,942		785		
11		中信期货	4,883		-962		
12		银河期货	4,720		-209		
13		信达期货	3,816		32		
14		格林大华	3,618		29		
15		鲁证期货	3,497		806		
16		弘业期货	2,679		605		
17		金瑞期货	2,432		50		
18		英大期货	2,284		-25		
19		国泰君安	2,182		360		
20		金信期货	2,156		988		
总计				97,403		5,670		

名次		会员简称	持卖单量	增减		
1		中粮期货	28,169		592		
2		申银万国	20,616		99		
3		中信期货	8,965		494		
4		国投安信	7,974		-200		
5		一德期货	6,737		2,023		
6		华泰期货	5,992		388		
7		建信期货	5,409		-990		
8		永安期货	5,116		1,535		
9		弘业期货	4,019		674		
10		格林大华	3,293		3		
11		摩根大通	3,251		400		
12		东证期货	2,980		-990		
13		国富期货	2,974		-31		
14		银河期货	2,600		151		
15		英大期货	2,322		180		
16		国泰君安	2,137		542		
17		广发期货	1,970		384		
18		浙江新世纪	1,888		82		
19		方正中期	1,508		-34		
20		中信建投	1,429		-2		
总计				119,349		5,300		



会员类别	总成交量	增减		
期货公司会员	200,440		-101,186	

会员类别	总持买单量	增减		
期货公司会员	97,403		5,670		

会员类别	总持卖单量	增减		
期货公司会员	119,349		5,300		

