								大连商品交易所 成交量_买持仓_卖持仓排名	

合约代码：l2009		Date：2020-02-19	

			期货公司会员	

名次		会员简称	成交量		增减		
1		东证期货	21,147		-8,474		
2		方正中期	3,431		-113		
3		永安期货	2,505		847		
4		中信期货	2,421		-1,275		
5		兴业期货	1,979		1,312		
6		光大期货	1,922		-1,097		
7		大地期货	1,592		570		
8		国富期货	1,482		639		
9		中大期货	1,281		457		
10		广发期货	1,260		190		
11		海通期货	928		-31		
12		华安期货	925		-959		
13		华泰期货	859		-1,167		
14		鲁证期货	830		248		
15		建信期货	814		447		
16		弘业期货	746		-1		
17		长江期货	713		-167		
18		冠通期货	672		-106		
19		国泰君安	620		20		
20		南华期货	596		-476		
总计				46,723		-9,136		

名次		会员简称	持买单量	增减		
1		永安期货	7,076		-915		
2		南华期货	3,689		-124		
3		华金期货	3,472		-428		
4		华泰期货	3,311		-83		
5		中大期货	2,603		247		
6		方正中期	2,490		489		
7		弘业期货	2,389		-115		
8		鲁证期货	2,172		317		
9		东证期货	2,046		-152		
10		海通期货	1,882		362		
11		浙商期货	1,836		46		
12		大地期货	1,802		224		
13		银河期货	1,652		-11		
14		徽商期货	1,645		85		
15		中粮期货	1,605		-97		
16		广发期货	1,524		109		
17		西南期货	1,440		170		
18		华安期货	1,435		-77		
19		国泰君安	1,430		172		
20		广州期货	1,331		-2		
总计				46,830		217		

名次		会员简称	持卖单量	增减		
1		申银万国	9,774		-73		
2		弘业期货	8,839		-13		
3		国投安信	7,297		-49		
4		华泰期货	7,248		-120		
5		东证期货	3,513		-837		
6		光大期货	3,114		-7		
7		方正中期	2,729		164		
8		天风期货	2,695		-118		
9		建信期货	2,608		802		
10		国海良时	2,438		3		
11		银河期货	2,363		365		
12		永安期货	2,167		254		
13		一德期货	1,909		12		
14		中国国际	1,893		5		
15		大有期货	1,781		7		
16		浙商期货	1,514		3		
17		信达期货	1,465		-14		
18		中信期货	1,404		99		
19		南华期货	1,189		228		
20		东航期货	1,142		7		
总计				67,082		718		



会员类别	总成交量	增减		
期货公司会员	46,723		-9,136		

会员类别	总持买单量	增减		
期货公司会员	46,830		217		

会员类别	总持卖单量	增减		
期货公司会员	67,082		718		

