								大连商品交易所 成交量_买持仓_卖持仓排名	

合约代码：y2005		Date：2020-03-03	

			期货公司会员	

名次		会员简称	成交量		增减		
1		东证期货	228,765		17,119		
2		兴证期货	88,136		6,872		
3		光大期货	52,374		-428		
4		申银万国	28,467		4,698		
5		国富期货	24,649		8,882		
6		海通期货	23,147		-827		
7		中信期货	22,477		-388		
8		国泰君安	21,718		5,984		
9		格林大华	21,305		2,564		
10		永安期货	15,185		3,231		
11		国投安信	15,162		944		
12		华安期货	14,355		502		
13		华泰期货	12,464		1,750		
14		浙商期货	12,386		-2,709		
15		方正中期	12,216		762		
16		中粮期货	12,108		-1,124		
17		银河期货	11,556		4,093		
18		徽商期货	10,559		925		
19		招商期货	9,085		1,851		
20		宏源期货	8,901		924		
总计				645,015		55,625		

名次		会员简称	持买单量	增减		
1		中粮期货	67,814		-240		
2		永安期货	21,595		-1,481		
3		国投安信	16,330		-41		
4		信达期货	15,846		990		
5		中信期货	12,776		53		
6		银河期货	9,391		786		
7		东证期货	8,927		-2,705		
8		中财期货	8,471		-553		
9		国泰君安	6,928		-614		
10		格林大华	6,104		-225		
11		华泰期货	5,722		-283		
12		宏源期货	5,533		-280		
13		兴业期货	5,127		-39		
14		中信建投	5,056		252		
15		浙商期货	4,790		-238		
16		五矿经易	4,749		-862		
17		西南期货	4,656		662		
18		南华期货	4,631		-110		
19		金瑞期货	4,620		-202		
20		长江期货	4,431		47		
总计				223,497		-5,083		

名次		会员简称	持卖单量	增减		
1		国投安信	31,004		-1,471		
2		中粮期货	28,348		1,024		
3		一德期货	26,488		86		
4		中信期货	18,514		-1,536		
5		信达期货	18,172		8		
6		银河期货	17,920		-270		
7		摩根大通	17,760		-54		
8		新湖期货	16,859		-411		
9		鲁证期货	13,559		901		
10		国泰君安	13,484		994		
11		永安期货	11,789		742		
12		南华期货	9,280		1,223		
13		平安期货	7,995		-444		
14		海通期货	7,979		112		
15		建信期货	7,447		131		
16		东证期货	7,259		232		
17		华泰期货	6,134		621		
18		安粮期货	5,985		-393		
19		中信建投	4,914		349		
20		北京金鹏	4,639		-31		
总计				275,529		1,813		



会员类别	总成交量	增减		
期货公司会员	645,015		55,625		

会员类别	总持买单量	增减		
期货公司会员	223,497		-5,083		

会员类别	总持卖单量	增减		
期货公司会员	275,529		1,813		

