								大连商品交易所 成交量_买持仓_卖持仓排名	

合约代码：j2005		Date：2020-03-13	

			期货公司会员	

名次		会员简称	成交量		增减		
1		东证期货	46,075		14,345		
2		国富期货	24,444		7,206		
3		中信期货	13,875		5,902		
4		光大期货	13,190		3,916		
5		海通期货	10,288		1,733		
6		申银万国	9,835		4,407		
7		徽商期货	8,984		4,521		
8		永安期货	8,212		4,531		
9		国泰君安	7,698		3,886		
10		方正中期	7,565		2,435		
11		山西三立	7,107		2,997		
12		华泰期货	6,192		2,792		
13		华安期货	6,090		1,480		
14		宏源期货	5,858		2,267		
15		银河期货	5,500		3,460		
16		新纪元期货	5,359		2,316		
17		中辉期货	4,666		2,013		
18		广发期货	4,641		3,102		
19		弘业期货	4,632		1,566		
20		新湖期货	4,623		2,263		
总计				204,834		77,138		

名次		会员简称	持买单量	增减		
1		东证期货	12,246		-268		
2		中信期货	9,218		893		
3		永安期货	8,006		4		
4		国富期货	7,150		1,128		
5		海通期货	4,331		1,156		
6		浙商期货	3,691		-687		
7		申银万国	3,565		1,084		
8		华泰期货	3,208		350		
9		五矿经易	2,879		-84		
10		国泰君安	2,433		366		
11		一德期货	2,370		-266		
12		天风期货	2,176		-3		
13		大地期货	2,079		32		
14		国投安信	2,017		104		
15		中信建投	1,845		-313		
16		银河期货	1,783		559		
17		方正中期	1,764		139		
18		兴证期货	1,684		537		
19		东海期货	1,601		-130		
20		大越期货	1,572		-605		
总计				75,618		3,996		

名次		会员简称	持卖单量	增减		
1		东证期货	11,481		-295		
2		中信期货	9,329		386		
3		国富期货	6,813		1,424		
4		永安期货	5,092		-1,738		
5		银河期货	4,357		1,249		
6		一德期货	4,187		352		
7		海通期货	3,169		-434		
8		华泰期货	3,138		28		
9		申银万国	2,906		773		
10		宏源期货	2,825		725		
11		方正中期	2,733		696		
12		新纪元期货	2,439		442		
13		中信建投	2,270		-147		
14		徽商期货	1,957		873		
15		国泰君安	1,813		-790		
16		中财期货	1,767		-169		
17		华安期货	1,663		-250		
18		弘业期货	1,549		657		
19		新湖期货	1,525		140		
20		中辉期货	1,371		10		
总计				72,384		3,932		



会员类别	总成交量	增减		
期货公司会员	204,834		77,138		

会员类别	总持买单量	增减		
期货公司会员	75,618		3,996		

会员类别	总持卖单量	增减		
期货公司会员	72,384		3,932		

