								大连商品交易所 成交量_买持仓_卖持仓排名	

合约代码：i2005		Date：2020-03-02	

			期货公司会员	

名次		会员简称	成交量		增减		
1		冠通期货	307,638		107,831		
2		东证期货	254,011		15,468		
3		国富期货	236,791		63,928		
4		光大期货	81,808		-3,213		
5		国泰君安	81,330		-85,678		
6		银河期货	79,177		-3,726		
7		海通期货	75,486		7,516		
8		中信期货	74,965		11,131		
9		鲁证期货	69,174		13,271		
10		申银万国	68,520		-8,029		
11		方正中期	67,009		-16,266		
12		广发期货	65,099		-9,580		
13		徽商期货	52,967		-5,979		
14		华泰期货	47,464		7,336		
15		一德期货	41,891		1,310		
16		永安期货	41,114		-8,226		
17		五矿经易	41,076		14,150		
18		中信建投	39,267		8,939		
19		中辉期货	38,816		11,290		
20		兴证期货	37,296		12,752		
总计				1,800,899	134,225		

名次		会员简称	持买单量	增减		
1		永安期货	50,101		-2,515		
2		国泰君安	36,114		6,437		
3		中信期货	35,061		1,469		
4		五矿经易	32,683		15,098		
5		东海期货	26,565		-14,317		
6		方正中期	24,528		1,025		
7		乾坤期货	24,341		6		
8		鲁证期货	24,331		-13,194		
9		海通期货	22,194		10,549		
10		申银万国	21,170		-2,856		
11		兴证期货	19,584		-3,911		
12		浙商期货	18,975		-567		
13		国富期货	18,656		-435		
14		东证期货	17,177		-259		
15		瑞银期货	16,966		-311		
16		华泰期货	16,469		-5,989		
17		一德期货	16,191		-2,111		
18		国投安信	13,479		1,968		
19		大地期货	12,504		-212		
20		广发期货	11,646		567		
总计				458,735		-9,558		

名次		会员简称	持卖单量	增减		
1		中信期货	63,315		14,196		
2		银河期货	48,056		12,082		
3		华闻期货	30,051		5,260		
4		永安期货	27,606		-359		
5		国泰君安	19,285		1,803		
6		一德期货	18,237		-14,338		
7		华泰期货	18,101		2,205		
8		国贸期货	18,028		4,984		
9		中信建投	17,716		-447		
10		方正中期	16,570		-5,931		
11		光大期货	16,103		315		
12		国联期货	15,953		583		
13		东证期货	15,399		-1,602		
14		宝城期货	15,070		11,323		
15		国投安信	15,023		2,245		
16		国富期货	14,373		-172		
17		广发期货	12,757		2,076		
18		浙商期货	12,222		1,877		
19		五矿经易	11,264		-3,496		
20		鲁证期货	10,679		-30,770		
总计				415,808		1,834		



会员类别	总成交量	增减		
期货公司会员	1,800,899	134,225		

会员类别	总持买单量	增减		
期货公司会员	458,735		-9,558		

会员类别	总持卖单量	增减		
期货公司会员	415,808		1,834		

