								大连商品交易所 成交量_买持仓_卖持仓排名	

合约代码：m2005		Date：2020-02-14	

			期货公司会员	

名次		会员简称	成交量		增减		
1		东证期货	239,847		-74,347		
2		国泰君安	96,230		-128,332	
3		中粮期货	51,088		10,344		
4		兴证期货	49,708		-29,514		
5		国富期货	39,872		-5,784		
6		海通期货	34,059		-17,862		
7		华泰期货	33,493		-11,911		
8		中信期货	32,888		-9,743		
9		申银万国	27,847		-15,766		
10		国投安信	23,251		-30,802		
11		永安期货	23,051		-10,982		
12		华安期货	22,687		-2,872		
13		宏源期货	21,493		2,706		
14		光大期货	20,702		-1,806		
15		徽商期货	19,980		-18,105		
16		国信期货	18,989		-6,590		
17		安粮期货	16,864		5,541		
18		南华期货	16,555		327		
19		混沌天成	14,712		620		
20		广发期货	13,101		-4,934		
总计				816,417		-349,812	

名次		会员简称	持买单量	增减		
1		永安期货	63,031		-1,705		
2		格林大华	57,610		3,535		
3		华泰期货	52,750		-1,040		
4		广发期货	51,715		433		
5		中粮期货	51,053		-3,618		
6		一德期货	49,964		-620		
7		大越期货	47,315		349		
8		国投安信	47,079		-650		
9		中信期货	41,503		2,100		
10		浙商期货	40,432		135		
11		国泰君安	37,444		2,342		
12		申银万国	33,652		-504		
13		东证期货	33,355		2,390		
14		银河期货	32,135		26		
15		宝城期货	27,141		101		
16		宏源期货	25,760		1,837		
17		五矿经易	24,317		-2,492		
18		南华期货	22,734		-381		
19		新湖期货	20,259		1,024		
20		大地期货	19,964		-124		
总计				779,213		3,138		

名次		会员简称	持卖单量	增减		
1		中粮期货	199,591		26,214		
2		国投安信	144,734		1,665		
3		摩根大通	73,623		-840		
4		鲁证期货	63,082		-920		
5		一德期货	58,237		-4,217		
6		国泰君安	57,001		-5,004		
7		新湖期货	54,782		-2,064		
8		信达期货	52,807		991		
9		中信期货	46,124		-1,010		
10		永安期货	43,450		-646		
11		银河期货	35,738		-2,283		
12		海通期货	26,399		1,070		
13		平安期货	25,654		206		
14		东证期货	25,046		-6,197		
15		南华期货	23,449		70		
16		广发期货	23,176		5,554		
17		兴业期货	20,771		129		
18		金瑞期货	20,188		84		
19		格林大华	19,743		-935		
20		北京金鹏	18,177		-389		
总计				1,031,772	11,478		



会员类别	总成交量	增减		
期货公司会员	816,417		-349,812	

会员类别	总持买单量	增减		
期货公司会员	779,213		3,138		

会员类别	总持卖单量	增减		
期货公司会员	1,031,772	11,478		

