								大连商品交易所 成交量_买持仓_卖持仓排名	

合约代码：cs2005		Date：2020-02-19	

			期货公司会员	

名次		会员简称	成交量		增减		
1		东证期货	21,554		-11,802		
2		国泰君安	6,217		-1,229		
3		中信期货	3,760		-2,621		
4		国富期货	3,413		-4,598		
5		兴证期货	3,042		186		
6		海通期货	2,811		-1,072		
7		金瑞期货	2,500		1,522		
8		格林大华	2,337		1,159		
9		鲁证期货	2,073		1,395		
10		方正中期	1,937		-625		
11		广发期货	1,936		-591		
12		国联期货	1,749		625		
13		华泰期货	1,649		-757		
14		长江期货	1,629		462		
15		浙商期货	1,622		588		
16		国贸期货	1,581		280		
17		银河期货	1,544		-553		
18		徽商期货	1,332		-2,560		
19		华安期货	1,312		-598		
20		南华期货	1,297		-1,796		
总计				65,295		-22,585		

名次		会员简称	持买单量	增减		
1		瑞达期货	7,608		96		
2		东证期货	7,095		454		
3		广发期货	6,344		-369		
4		华安期货	4,479		341		
5		永安期货	3,409		56		
6		徽商期货	3,241		16		
7		中信建投	3,230		94		
8		光大期货	3,221		216		
9		中信期货	2,995		190		
10		上海大陆	2,988		428		
11		东海期货	2,588		780		
12		浙商期货	2,548		-1,233		
13		国贸期货	2,162		405		
14		五矿经易	2,062		-552		
15		格林大华	1,774		-1,344		
16		国泰君安	1,768		-285		
17		国联期货	1,712		16		
18		国富期货	1,668		1,372		
19		中粮期货	1,412		-93		
20		金瑞期货	1,359		1,195		
总计				63,663		1,783		

名次		会员简称	持卖单量	增减		
1		中信期货	12,974		256		
2		国泰君安	4,850		328		
3		华泰期货	4,818		-615		
4		永安期货	4,767		32		
5		兴证期货	4,744		-155		
6		摩根大通	4,360		224		
7		中信建投	3,079		-89		
8		宏源期货	2,907		50		
9		国信期货	2,894		-123		
10		海通期货	2,738		47		
11		东证期货	2,559		442		
12		鲁证期货	2,320		884		
13		银河期货	2,229		-91		
14		中金期货	1,955		18		
15		国投安信	1,567		265		
16		南华期货	1,403		-323		
17		方正中期	1,377		-24		
18		申银万国	1,270		20		
19		五矿经易	1,131		128		
20		东航期货	1,126		356		
总计				65,068		1,630		



会员类别	总成交量	增减		
期货公司会员	65,295		-22,585		

会员类别	总持买单量	增减		
期货公司会员	63,663		1,783		

会员类别	总持卖单量	增减		
期货公司会员	65,068		1,630		

