								大连商品交易所 成交量_买持仓_卖持仓排名	

合约代码：p2009		Date：2020-02-19	

			期货公司会员	

名次		会员简称	成交量		增减		
1		东证期货	53,454		-857		
2		光大期货	15,862		4,671		
3		中信期货	6,523		-4,471		
4		申银万国	6,327		1,878		
5		华泰期货	6,288		1,928		
6		国元期货	4,836		-3,188		
7		华安期货	4,644		1,006		
8		永安期货	4,363		-2,040		
9		金瑞期货	3,899		2,750		
10		海通期货	3,821		685		
11		一德期货	3,551		1,671		
12		兴证期货	3,496		5		
13		长江期货	3,357		1,267		
14		国富期货	3,319		-550		
15		北京首创	3,215		2,976		
16		徽商期货	2,968		602		
17		广发期货	2,552		-400		
18		中粮期货	2,456		-331		
19		安粮期货	2,432		-224		
20		方正中期	1,995		591		
总计				139,358		7,969		

名次		会员简称	持买单量	增减		
1		浙商期货	8,539		524		
2		广发期货	7,155		28		
3		建信期货	7,153		72		
4		永安期货	7,078		-101		
5		银河期货	5,776		101		
6		国投安信	4,177		369		
7		中信期货	3,669		440		
8		一德期货	3,629		273		
9		摩根大通	3,607		-50		
10		信达期货	3,588		-3		
11		国富期货	3,230		-529		
12		东证期货	3,205		663		
13		华安期货	2,899		-479		
14		中粮期货	2,262		86		
15		金瑞期货	1,993		202		
16		申银万国	1,989		-640		
17		华泰期货	1,536		-136		
18		五矿经易	1,418		99		
19		宏源期货	1,412		76		
20		金石期货	1,360		152		
总计				75,675		1,147		

名次		会员简称	持卖单量	增减		
1		中粮期货	13,266		160		
2		永安期货	10,794		1,200		
3		中信期货	8,654		227		
4		中国国际	8,111		-4		
5		国泰君安	7,086		-22		
6		宏源期货	7,005		284		
7		国投安信	5,712		-51		
8		申银万国	4,918		-611		
9		东证期货	3,768		289		
10		广发期货	2,507		704		
11		华泰期货	2,379		466		
12		上海中期	2,289		469		
13		方正中期	2,101		573		
14		建信期货	2,001		-28		
15		五矿经易	1,377		328		
16		银河期货	1,313		102		
17		一德期货	1,168		-30		
18		南华期货	1,109		-155		
19		弘业期货	1,078		121		
20		中融汇信	1,034		10		
总计				87,670		4,032		



会员类别	总成交量	增减		
期货公司会员	139,358		7,969		

会员类别	总持买单量	增减		
期货公司会员	75,675		1,147		

会员类别	总持卖单量	增减		
期货公司会员	87,670		4,032		

